#File [EPower-20250931-0000-GMT+2.txt]
#Start Recording
[00:00:00 GMT+2;60;197;206;186;201;197;205;185;202;191;189;197;196;203;198;189;189;184;200;186;925;893;903;915;889;206;194;189;189;187;194;188;195;189;194;187;189;192;196;197;189;189;192;191;205;191;197;200;190;203;192;237;234;217;226;214;235;218;212;225;913]
[00:01:00 GMT+2;60;915;914;923;422;218;213;213;218;223;216;221;205;213;213;218;222;209;218;210;211;190;194;186;195;192;184;204;192;189;187;203;186;198;198;190;189;194;198;196;889;899;916;579;202;184;194;191;205;187;196;195;192;200;195;187;190;196;191;184;191]
[00:02:00 GMT+2;60;200;191;194;196;196;189;206;189;195;198;191;190;191;202;194;186;200;186;198;927;897;913;429;186;189;198;190;189;202;179;197;200;206;189;196;197;184;187;437;246;251;244;238;251;238;250;247;245;251;247;238;255;250;255;241;235;255;244;246;960]
[00:03:00 GMT+2;60;948;416;251;247;250;249;253;252;256;254;245;256;249;232;250;237;251;251;237;255;245;255;251;244;256;257;251;249;264;262;250;264;250;242;244;238;252;253;259;948;388;250;255;259;237;256;250;267;256;250;254;250;259;253;241;251;245;247;237;242]
[00:04:01 GMT+2;60;241;237;240;225;239;250;251;240;240;256;245;235;250;242;247;251;251;254;226;949;389;291;275;277;270;276;280;270;278;281;282;270;277;269;277;266;277;278;270;289;283;265;280;276;289;283;269;279;280;276;279;256;244;242;251;255;256;241;245;347]
[00:05:00 GMT+2;60;250;251;245;238;253;251;251;250;242;255;249;235;242;251;238;253;240;236;245;240;256;247;247;253;246;240;252;245;256;244;240;238;252;238;247;247;227;246;238;242;237;226;247;225;225;242;240;227;236;250;262;241;253;242;247;244;250;254;247;245]
[00:06:00 GMT+2;60;256;247;241;731;322;307;318;307;302;302;308;294;310;305;309;316;310;304;306;311;307;300;300;300;300;300;314;310;299;307;307;306;306;319;307;307;310;304;300;307;300;294;307;307;300;293;309;304;314;324;320;326;320;310;297;326;306;318;304;300]
[00:07:01 GMT+2;60;320;316;289;291;2120;2101;2147;2056;2084;2108;2051;2060;2066;2108;2141;2147;2075;2107;2140;2165;2129;2139;2141;2143;2042;2036;2083;2114;2075;2043;2088;2058;2088;2136;2018;2021;2069;2108;2030;2071;2101;2040;2049;2015;2023;2075;2038;2071;2122;2015;2036;2052;2133;2062;2104;2136;2058;2071;2077;2091]
[00:08:00 GMT+2;60;2018;2065;2071;2108;2101;2030;2133;2060;2091;2139;2062;2076;2114;2127;2030;2094;2135;2050;2077;2094;2108;1998;2052;2065;2081;2024;2053;2082;1992;2042;2077;2025;2075;2013;2058;2063;2056;2003;2038;2053;2065;2091;2020;2075;2009;2038;2084;2000;2050;2101;1986;1992;2035;2075;2090;2110;2030;2075;1988;2002]
[00:09:00 GMT+2;60;2035;2077;2001;2050;1964;2003;2017;2050;1991;1975;2036;1977;2056;2050;2065;1986;2027;2066;1987;2017;2065;2078;2001;2029;2051;1976;2068;1988;2000;1998;2053;2024;2051;1991;2052;2091;2042;2056;2083;1984;2045;2020;2040;2050;2053;1988;2021;2066;1975;2035;1964;1976;2043;1970;1969;2001;2038;1963;1964;1970]
[00:10:00 GMT+2;60;2025;2064;1972;2012;2052;2038;1991;1997;2045;1960;2008;2038;1969;2012;2015;2053;2077;1970;2015;2091;1998;2015;2020;2036;1963;2017;2036;1987;2021;1998;2012;1976;2045;1987;2023;2068;2088;1976;2006;2060;1970;2029;2068;2050;2024;2021;1976;2015;2064;2000;2031;2030;2024;2023;2063;2068;2094;2022;2036;1989]
[00:11:00 GMT+2;60;2050;1960;2020;2056;1970;2003;2071;2063;2064;2003;1998;2050;1976;2065;2073;1963;2017;2060;1975;2020;2060;1988;2030;2011;2060;2008;2045;2103;2022;2066;2063;2015;2052;2094;2013;2051;2103;2087;2084;2088;2084;2020;2071;2051;2006;2002;2066;2114;2031;2071;1982;2022;2015;2022;2077;2077;1972;2003;2065;1992]
[00:12:00 GMT+2;60;2000;2008;2056;1974;2018;2058;1992;1998;2011;2021;2056;2030;2077;2003;2042;2045;2030;1976;2024;2060;1987;2030;2075;2032;2088;2049;2043;2075;1965;2003;2011;1952;1974;2029;1946;2000;1915;2024;2062;1917;1970;2010;1934;1972;1988;2022;2020;1963;1956;1989;1930;1964;1988;1988;2024;1958;1986;1998;1928;2024]
[00:13:01 GMT+2;60;2012;2021;1952;1976;2036;1960;1988;1925;1925;1965;2010;1928;1975;2027;1934;1936;1958;1958;2002;1972;2001;1932;1977;1982;2035;1956;1978;2025;2021;1930;1958;1992;2022;1963;2003;2031;1958;2001;2003;2715;1946;1972;1976;2025;1974;2003;2027;1944;1988;2027;1946;1977;2023;2003;2012;1956;1956;1975;2024;1939]
[00:14:00 GMT+2;60;1972;1907;1948;1965;1970;1937;1972;2003;2017;2006;1948;1964;2015;1950;1975;1951;1976;2018;1944;1972;2015;1969;2009;2017;2018;2042;1925;1974;1998;2024;1921;1988;1974;2040;1946;1984;1997;2036;1970;1975;2001;2024;1960;1988;2036;1972;1956;1963;1964;2029;1953;1992;2052;1982;1988;1988;2025;2052;1982;1992]
[00:15:00 GMT+2;60;2024;2838;2816;2751;2815;2755;2824;2769;2755;2765;2775;2838;2708;2775;2838;2708;2806;2759;2767;2835;2777;2843;2713;2777;2845;2856;2847;2806;2816;2787;2751;2704;2766;2782;2849;2853;2736;2802;2838;2759;2756;2768;2784;2856;2723;2846;2833;2748;2760;2773;2845;2715;2784;2798;2847;2815;2699;2765;2833;2704]
[00:16:00 GMT+2;60;2766;2829;2704;2714;2723;2789;2853;2725;2795;2847;2736;2786;2745;2814;2799;2755;2818;2694;2759;2793;2806;2849;2738;2751;2825;2703;2816;2833;2708;2775;2847;2795;2847;2740;2754;2769;2845;2754;2768;2843;2715;2789;2806;2825;2699;2767;2838;2714;2786;2806;2825;2700;2804;2820;2698;2766;2717;2735;2751;2843]
[00:17:00 GMT+2;60;2714;2766;2825;2701;2775;2789;2804;2773;2789;2849;2740;2694;2710;2733;2807;2740;2756;2838;2718;2795;2818;2843;2757;2780;2856;2738;2698;2775;2795;2822;2703;2855;2740;2818;2843;2720;2746;2808;2833;2724;2804;2756;2835;2704;2721;2744;2820;2703;2778;2856;2736;2810;2744;2708;2784;2855;2777;2856;2733;2806]
[00:18:00 GMT+2;60;2808;2856;2734;2843;2855;2736;2745;2698;2856;2840;2748;2857;2838;2749;2829;2704;2715;2735;2807;2843;2717;2788;2738;2838;2857;2732;2804;2835;2749;2824;2843;2735;2751;2847;2804;2759;2835;2708;2782;2799;2855;2838;2751;2825;2701;2769;2843;2766;2727;2799;2847;2740;2807;2829;2746;2757;2826;2698;2757;2766]
[00:19:00 GMT+2;60;2854;2860;2756;2766;2822;2691;2755;2824;2693;2755;2766;2779;2847;2714;2782;2850;2714;2781;2736;2749;2819;2781;2794;2849;2735;2804;2819;2837;2746;2759;2833;2778;2721;2794;2806;2829;2693;2759;2830;2787;2857;2861;2856;2845;2756;2809;2708;2775;2838;2847;2855;2724;2789;2856;2846;2734;2744;2751;2818;2795]
[00:20:00 GMT+2;60;2837;2822;2689;2754;2837;2789;2856;2723;2786;2855;2723;2788;2856;2723;2790;2703;2708;2775;2843;2787;2757;2829;2828;2767;2838;2713;2838;2799;2814;2783;2754;2703;2767;2843;2714;2725;2744;2815;2829;2701;2769;1932;1917;1934;2012;1939;1964;2012;1937;1986;1975;1982;1997;1917;2009;1930;1978;2012;1917;2614]
[00:21:00 GMT+2;60;2665;2690;2576;2631;2694;2698;2717;1930;1970;2003;1930;1958;1975;1965;1946;1970;1895;1956;1982;1911;1925;1921;1948;1917;1937;1989;1919;1917;1932;1972;2023;1950;2006;1939;1956;1956;2006;1923;1974;2012;2609;2659;2609;2601;2575;2628;2581;2644;1989;1912;1932;1907;1950;1916;1964;2038;1951;1982;1989;1986]
[00:22:00 GMT+2;60;2035;2017;2012;1935;2027;1948;1997;2023;1951;1997;2038;1952;1976;2000;2025;1948;1982;2025;1969;2631;2751;2757;2593;2659;2614;2605;2660;2736;2612;1975;1946;1912;1986;2024;1948;1989;1987;2008;1918;1970;1989;2013;1935;1989;1987;1923;1950;1996;1912;1955;2002;1963;1976;2012;1930;1963;2012;1930;1963;2655]
[00:23:00 GMT+2;60;2696;2689;2576;2619;2684;2567;2625;2631;2698;1950;1935;1982;1905;1936;1950;1960;1987;1910;1958;1956;1986;1919;1911;1952;1988;1910;1956;1984;1999;1999;1907;1982;1910;1960;1988;1916;1950;1964;1935;1972;2727;2597;2649;2710;2592;2665;2622;2672;2736;2619;2006;2010;1930;1953;1958;1998;1923;1952;2000;1916]
[00:24:00 GMT+2;60;1922;1975;1961;1987;1917;1960;2003;1925;1922;1930;1944;1989;1925;1964;2010;2013;2027;1948;1987;2741;2604;2662;2717;2719;2579;2591;2649;2698;2585;2644;1970;2021;1910;1910;1960;2000;1925;1948;1998;1989;1916;1970;1992;1923;1976;2024;1975;1911;1956;1988;1919;1958;1960;2001;1911;1917;1964;2837;2829;2700]
[00:25:00 GMT+2;60;2778;2806;2818;2847;2756;2824;2843;2759;2859;2828;2838;2698;2765;2833;2704;2826;2741;2751;2818;2720;2847;2733;2795;2769;2783;2789;2802;2847;2734;2796;2853;2748;2808;2819;2854;2725;2789;2856;2720;2784;2861;2759;2714;2778;2845;2712;2767;2835;2843;2794;2863;2725;2775;2843;2708;2775;2783;2789;2855;2723]
[00:26:00 GMT+2;60;2786;2738;2802;2710;2849;2838;2738;2802;2838;2738;2804;2815;2825;2835;2703;2765;2827;2694;2754;2818;2843;2754;2769;2837;2807;2840;2751;2717;2724;2789;2795;2723;2788;2727;2793;2801;2810;2825;2742;2806;2745;2807;2838;2736;2744;2806;2845;2733;2795;2853;2724;2775;2724;2789;2856;2793;2854;2723;2733;2738]
[00:27:00 GMT+2;60;2818;2761;2828;2837;2759;2825;2837;2845;2710;2815;2806;2835;2738;2804;2808;2829;2735;2744;2806;2843;2807;2816;2825;2778;2784;2854;2713;2853;2714;2719;2784;2723;2789;2855;2717;2780;2845;2855;2755;2761;2838;2814;2762;2827;2830;2856;2854;2742;2802;2855;2714;2779;2784;2736;2794;2856;2756;2819;2794;2691]
[00:28:00 GMT+2;60;2694;2733;2794;2856;2720;2784;2849;2730;2810;2744;2804;2845;2730;2789;2856;2800;2800;2853;2724;2800;2861;2725;2786;2794;2798;2822;2794;2765;2829;2847;2818;2759;2847;2837;2735;2798;2853;2724;2733;2741;2804;2845;2733;2833;2842;2703;2704;2824;2829;2694;2754;2816;2816;2689;2694;2754;2818;2820;2806;2745]
[00:29:00 GMT+2;60;2819;2837;2845;2795;2863;2723;2784;2852;2712;2775;2766;2775;2838;2794;2799;2849;2723;2855;2814;2837;2740;2746;2810;2843;2816;2824;2833;2698;2757;2825;2692;2833;2698;2708;2714;2779;2786;2855;2714;2861;2859;2734;2798;2863;2723;2786;2847;2856;2715;2708;2824;2756;2749;2815;2835;2740;2746;2751;2757;2824]
[00:30:00 GMT+2;60;2766;2704;2713;2777;2786;2694;2756;2825;2733;2751;2818;2829;2837;2845;2710;2777;2727;2794;2854;2845;2843;2756;2825;2733;2794;2863;2727;2721;2730;2795;2855;2745;2810;2838;2815;2765;2773;2838;2704;2766;2833;2733;2800;2694;2756;2824;2816;2746;2810;2837;2816;2693;2829;2838;2704;2765;2853;2727;2738;2800]
[00:31:00 GMT+2;60;2856;2721;2786;2744;2751;2761;2767;2714;2765;2835;2704;2769;2843;2857;2799;2816;2828;2746;2818;2765;2700;2714;2781;2694;2765;2835;2705;2777;2789;2806;2822;2766;2835;2708;2777;2852;2855;2835;2746;2833;2814;2853;2755;2827;2843;2856;2708;2853;2854;2733;2800;2845;2816;2696;2761;2775;2845;2714;2843;2809]
[00:32:00 GMT+2;60;2694;2856;2800;2845;1989;2024;2062;1998;1989;2013;2056;2058;1984;2038;2024;2036;2049;1970;2015;2045;2624;2671;2742;2757;2780;2656;2042;1969;2049;2088;2095;1999;2036;2031;2036;2087;2013;2053;2091;1989;1988;2045;2088;2012;2058;2063;2036;2042;2094;2012;2052;1970;2021;2075;2075;2088;2001;2062;1963;1984]
[00:33:00 GMT+2;60;2669;2703;2715;2733;2614;2027;2053;1970;2012;2066;1960;2006;2051;1970;2000;2053;1978;1986;1989;2003;2043;2012;2050;1987;1992;1999;2056;1972;2006;2062;1978;2075;2035;2053;2017;2012;2053;1978;2013;2025;2723;2597;2659;2721;2604;2015;2030;2030;2068;1980;2032;1956;2003;2030;1963;1975;1987;1987;1988;2036]
[00:34:00 GMT+2;60;1965;1982;1989;2008;2025;1963;2017;2060;1976;2018;1984;2003;1970;2012;2060;1975;2025;2025;2043;1972;2684;2738;2619;2011;2062;2063;1958;1992;2042;2060;2062;2036;2012;2060;1982;2038;1964;1992;2031;1960;1986;1982;2002;2042;2017;1982;2029;1951;1958;2013;2056;1975;2021;2060;1976;1963;1965;2062;1989;2031]
[00:35:00 GMT+2;60;2593;2603;2618;2031;2040;1975;2013;2058;1972;1986;2002;2062;1989;2027;1946;2001;2040;1958;1984;1980;2003;1998;2056;2001;2051;2060;2021;2006;2027;1969;1998;1975;2013;1992;1989;2066;1976;2031;2035;1989;2669;2667;2043;1963;2001;2050;2052;1982;2024;2040;1960;2006;2056;1978;2020;2065;2065;1986;2027;2065]
[00:36:00 GMT+2;60;2065;2091;2025;2075;2071;2003;2038;2094;2006;2056;1972;1972;1987;1998;2035;2010;2065;1982;2027;2030;2693;2741;1998;2030;2081;1999;2042;2003;2017;1964;2012;1970;2003;2062;1987;1999;2012;2038;1969;1989;2025;2000;1998;2020;2063;1992;2027;2069;1978;2031;2040;2030;2053;2045;1972;2043;1972;1984;1978;2024]
[00:37:00 GMT+2;60;2430;1978;2024;2000;2040;2058;2060;1976;2022;2053;1975;2023;2045;1972;2024;2021;1952;2013;2069;1992;1991;2012;2043;1969;2015;2062;1986;1982;2038;2012;2058;2012;2065;1986;2021;2038;2038;1970;2017;2043;2071;2073;1988;2027;2003;2043;1964;1998;2042;1963;1964;1976;2008;2006;2027;2068;2030;1960;1977;2021]
[00:38:00 GMT+2;60;2058;2073;1987;2022;2058;2084;1964;2000;2010;2038;1997;2065;2065;1958;1998;2038;1963;1989;2036;1946;1989;2051;1976;1965;2008;2052;1975;1982;1991;2031;2073;2024;1958;1958;2009;2006;2015;2065;1978;2022;2068;1976;2013;2060;1986;2000;2030;1972;1999;2045;1969;1986;2020;2064;1986;2023;2065;1986;2083;2065]
[00:39:00 GMT+2;60;2043;1997;2030;2069;1978;2024;1984;1988;1923;1946;2000;1930;2017;2013;1982;1950;1972;1904;1950;1982;1988;1994;1930;1982;2008;1932;2002;1925;1923;1939;1969;2045;2015;2045;1955;1989;2013;2008;1925;1974;2003;2015;2020;2025;1950;1997;2024;1939;1958;1976;2030;2042;2043;2056;1970;2003;1970;1997;2053;1920]
[00:40:00 GMT+2;60;1911;1998;1909;1936;1951;1998;1923;1938;1984;2012;1928;1974;2001;1925;2013;1905;1976;1909;1939;1980;1992;1950;1975;2022;1919;1960;1982;1909;1946;1946;1952;1916;1961;1956;2003;1965;2012;2012;1928;1978;2006;1930;1963;1974;1969;1992;1921;1974;2003;1918;1963;2001;1999;1923;1922;1984;1907;1955;1992;1975]
[00:41:00 GMT+2;60;1986;1909;1939;1944;1970;1970;2002;2013;1930;1960;2010;1928;1958;2008;2008;1934;1978;2003;1932;1976;1999;1919;1939;1965;1976;2008;1965;2009;1921;1939;1905;1916;1951;1939;2008;1946;1998;1997;1910;1952;1987;1917;1932;1946;1956;2012;1925;1960;1996;1922;1952;2009;1944;1975;1911;1964;1998;1919;1963;1958]
[00:42:00 GMT+2;60;1969;1976;2017;1909;2000;1923;1956;1976;1969;1970;1928;1969;1946;1910;1935;1956;1982;2018;1937;1997;1917;1958;1919;1988;1917;1970;1998;1919;1964;2050;2020;1907;1956;1917;1964;1998;1928;1950;1964;1998;1916;1930;2024;1935;1946;1986;1972;2025;1946;1972;2012;2017;1939;1953;2038;1921;1950;1976;1897;1932]
[00:43:00 GMT+2;60;1936;1939;2012;2030;1956;1992;2024;2025;1925;1968;1989;1988;2003;1934;2003;1930;1935;1969;2017;1937;1963;2012;1972;1989;2045;2038;1975;2001;2052;1970;1965;1988;1911;1930;1964;1989;1916;1964;1963;2012;1925;1970;1963;2011;1976;1997;1987;1916;1960;1999;1915;1965;1991;1923;1978;2030;1951;1977;1987;1951]
[00:44:01 GMT+2;60;1937;1976;1970;1897;1960;2015;1934;1968;1978;1978;1914;1937;1946;1987;1976;1976;1978;2012;1935;1972;2023;1935;1969;1987;1907;1963;1982;2038;1950;1975;1986;1928;1950;1960;1916;1958;1997;1921;1932;1934;1978;2008;2027;2021;1950;1992;2003;1928;1974;1992;1914;1970;2001;1986;1982;1963;1988;1919;1964;1989]
[00:45:00 GMT+2;60;2705;1969;1989;2006;1923;2012;1925;1972;1974;1982;2017;1932;1982;1974;2023;1950;1958;1982;1902;1932;1992;1916;1960;1923;1934;1974;1992;1936;1960;2010;2002;1937;1970;1978;2018;1982;2001;1935;1923;1946;1969;2023;1936;1963;1970;1969;1970;2017;1930;1969;2015;1937;1969;1975;1969;2012;1998;1917;1950;1984]
[00:46:00 GMT+2;60;1975;1958;1986;1917;1944;1989;1939;1930;1946;1976;1898;1935;1988;1907;1902;1980;1992;1919;1946;2022;1946;1984;1988;1950;2008;1958;2008;1928;1965;1998;2013;1930;2000;2001;2052;2001;1972;2006;2021;1939;1970;2020;1944;1986;2012;2000;1986;1970;1999;1923;1975;2006;1928;1952;1948;2010;2008;2056;2003;1998]
[00:47:01 GMT+2;60;2672;2351;2012;2012;1946;1905;1937;2003;1905;1921;1964;1986;1902;1970;2010;1946;1953;1950;2001;2027;1939;1982;2006;2040;1988;1905;1982;2012;1950;1974;2030;1963;1970;1989;1923;1919;1974;2012;1923;1946;1997;1986;2025;1935;1978;1974;1932;1944;1975;2021;1937;1972;2015;1946;1925;2031;1975;1935;1975;2012]
[00:48:00 GMT+2;60;1946;1923;1916;1963;1974;2037;1956;1921;1950;1958;1970;2031;1935;2000;1907;1932;1939;1950;1986;2036;2614;2661;2038;1958;1956;1964;1972;2027;1958;2013;1937;1991;1976;2030;1960;2017;1934;1944;2001;2824;2757;2827;2703;2843;2855;2725;2789;2802;2815;2742;2751;2824;2693;2759;2838;2825;2698;2766;2835;2708]
[00:49:00 GMT+2;60;2789;2837;2835;2847;2717;2822;2835;2704;2767;2838;2849;2847;2694;2701;2765;2833;2766;2835;2845;2800;2807;2829;2740;2810;2744;2751;2761;2827;2694;2755;2818;2756;2822;2827;2833;2736;2800;2847;2725;2789;2861;2717;2859;2734;2781;2845;2704;2766;2833;2838;2843;2708;2806;2843;2733;2795;2853;2845;2732;2847]
[00:50:00 GMT+2;60;2843;2689;2749;2692;2843;2849;2714;2778;2700;2751;2818;2802;2692;2698;2800;2845;2724;2789;2854;2854;2854;2846;2749;2815;2856;2802;2845;2730;2740;2746;2807;2746;2808;2835;2735;2799;2847;2795;2852;2853;2794;2854;2723;2784;2789;2795;2854;2756;2765;2829;2698;2759;2766;2777;2843;2705;2767;2835;2767;2720]
[00:51:00 GMT+2;60;2799;2757;2861;2861;2725;2778;2845;2856;2847;2822;2691;2756;2826;2698;2762;2775;2783;2856;2723;2795;2744;2755;2825;2698;2708;2777;2847;2714;2783;2853;2715;2800;2808;2824;2744;2806;2816;2800;2745;2794;2818;2853;2748;2810;2856;2742;2843;2794;2854;2724;2829;2694;2759;2831;2843;2855;2719;2783;2794;2846]
[00:52:00 GMT+2;60;2733;2856;2808;2825;2696;2765;2835;2705;2775;2847;2849;2733;2694;2708;2779;2856;2717;2733;2746;2818;2802;2769;2843;2787;2856;2859;2853;2838;2735;2802;2740;2784;2745;2755;2822;2829;2696;2757;2825;2689;2696;2704;2767;2837;2704;2766;2833;2698;2708;2833;2843;2708;2775;2818;2689;2751;2762;2775;2845;2710]
[00:53:00 GMT+2;60;2795;2748;2818;2845;2773;2725;2795;2861;2715;2784;2853;2715;2724;2738;2806;2762;2767;2838;2704;2847;2799;2840;2735;2799;2838;2735;2802;2810;2824;2692;2798;2698;2751;2819;2761;2775;2784;2854;2854;2725;2806;2746;2755;2765;2833;2835;2755;2822;2718;2713;2720;2723;2699;2760;2826;2689;2793;2744;2749;2816]
[00:54:00 GMT+2;60;2816;2698;2759;2825;2692;2699;2708;2769;2778;2847;2709;2775;2784;2793;2799;2846;2799;2845;2727;2794;2856;2854;2845;2829;2761;2829;2833;2759;2829;2824;2777;2717;2784;2692;2755;2824;2688;2767;2719;2784;2853;2714;2780;2847;2710;2717;2721;2787;2856;2847;2723;2789;2733;2738;2800;2843;2733;2798;2845;2766]
[00:55:00 GMT+2;60;2786;2775;2838;2705;2767;2837;2734;2742;2751;2761;2816;2793;2745;2810;2809;2690;2748;2816;2825;2690;2751;2708;2717;2733;2740;2819;2746;2814;2825;2745;2810;2698;2708;2775;2843;2708;2773;2838;2704;2712;2807;2818;2854;2746;2815;2857;2856;2847;2838;2756;2825;2838;2742;2806;2853;2800;2853;2727;2789;2856]
[00:56:00 GMT+2;60;2714;2733;2740;2746;2810;2838;2818;2749;2816;2715;2847;2736;2804;2849;2734;2800;2754;2705;2715;2779;2733;2742;2808;2859;2744;2751;2759;2830;2838;2822;2766;2740;2806;2815;2838;2807;2751;2818;2723;2788;2799;2808;2846;2738;2802;2780;2784;2849;2856;2853;2730;2795;2734;2741;2806;2814;2824;2810;2749;2784]
[00:57:00 GMT+2;60;2784;2746;2755;2863;2861;2735;2804;2816;2856;2746;2800;2754;2808;2837;2744;2810;2845;2781;2735;2802;2845;2740;2814;2833;2856;2816;2829;2698;2765;2835;2704;2849;2717;2728;2744;2814;2825;2694;2762;2708;2725;2740;2751;2857;2861;2736;2800;2860;2742;2754;2714;2725;2786;2792;2084;2083;2088;2095;2139;2107]
[00:58:00 GMT+2;60;2141;2060;2096;2136;2157;2166;2073;2120;2038;2081;2125;2050;2056;2060;2110;2153;2069;2114;2167;2081;2698;2746;2819;2689;2754;2808;2688;2698;2701;2708;2781;2720;2141;2062;2101;2117;2120;2042;2078;2122;2038;2081;2119;2125;2133;2058;2094;2136;2143;2147;2116;2084;2088;2133;2045;2088;2160;2129;2065;2103]
[00:59:01 GMT+2;60;2788;2784;2653;2714;2777;2656;2710;2780;2649;2709;2777;2052;2091;2095;2107;2136;2063;2103;2158;2065;2104;2114;2108;2127;2135;2139;2140;2155;2120;2084;2133;2095;2078;2147;2056;2094;2103;2107;2159;2069;2739;2732;2794;2804;2705;2710;2769;2644;2769;2781;2644;2058;2065;2096;2140;2053;2084;2133;2128;2130]
[01:00:00 GMT+2;60;2043;2069;2104;2155;2053;2076;2043;2058;2087;2056;2171;2081;2122;2169;2040;2049;2084;2122;2040;2083;2759;2698;2705;2767;2644;2703;2766;2635;2698;2744;2694;2045;2088;2130;2050;2119;2157;2163;2169;2078;2122;2160;2078;2114;2084;2180;2088;2132;2183;2091;2129;2108;2132;2162;2129;2090;2139;2183;2091;2094]
[01:01:00 GMT+2;60;2692;2694;2755;2825;2689;2744;2804;2631;2637;2796;2624;2075;2120;2049;2095;2114;2129;2060;2101;2145;2170;2052;2153;2125;2133;2045;2096;2045;2122;2038;2050;2103;2112;2034;2081;2125;2045;2125;2130;2145;2657;2720;2644;2710;2780;2762;2778;2794;2667;2738;2029;2053;2114;2036;2060;2036;2045;2095;2042;2101]
[01:02:00 GMT+2;60;2143;2125;2136;2052;2103;2157;2065;2119;2042;2050;2060;2107;2036;2076;2135;2153;2155;2129;2140;2146;2810;2810;2683;2754;2807;2764;2644;2710;2657;2068;2120;2084;2091;2065;2073;2082;2130;2043;2143;2073;2088;2136;2053;2095;2141;2069;2112;2119;2135;2056;2091;2140;2066;2095;2117;2122;2049;2088;2135;2141]
[01:03:00 GMT+2;60;2799;2679;2696;2708;2783;2665;2734;2807;2380;2042;2056;2125;2077;2058;2094;2143;2062;2065;2073;2120;2029;2090;2139;2064;2114;2120;2127;2045;2095;2133;2147;2083;2088;2096;2064;2129;2052;2096;2141;2066;2683;2683;2751;2806;2698;2765;2644;2708;2108;2116;2165;2077;2127;2050;2095;2146;2153;2165;2084;2120]
[01:04:00 GMT+2;60;2038;2116;2167;2042;2045;2101;2141;2153;2165;2170;2182;2064;2075;2125;2173;2096;2192;2165;2090;2153;2139;2824;2819;2694;2767;2714;2733;2140;2188;2108;2147;2122;2171;2177;2091;2145;2160;2075;2122;2042;2081;2091;2114;2125;2130;2141;2153;2165;2135;2112;2159;2075;2043;2064;2104;2143;2165;2043;2094;2135]
[01:05:00 GMT+2;60;2052;2701;2751;2634;2649;2717;2784;2105;2155;2065;2110;2090;2133;2114;2122;2145;2059;2105;2095;2135;2182;2077;2128;2043;2086;2135;2060;2068;2081;2120;2050;2135;2024;2064;2090;2122;2091;2101;2114;2024;2060;2639;2639;2655;2720;2795;2073;1986;2003;2045;2002;2058;2103;2011;2062;2101;2038;2084;2090;1999]
[01:06:00 GMT+2;60;2043;2017;2045;2071;2071;2094;2103;2065;2060;2088;2024;2084;2107;1989;2018;2062;2110;2024;2073;2119;2011;2634;2679;2746;2631;2056;2094;2020;2030;2042;2083;2050;2095;2022;2065;2076;2050;2058;2106;2043;2120;2042;2088;2090;2110;2029;2073;2122;2040;2076;2018;2023;2062;2112;2120;1992;2015;2062;2114;1992]
[01:07:00 GMT+2;60;2040;2701;2756;2639;2058;2110;2112;1992;2056;2090;2021;2073;2008;2031;2025;2071;2040;2082;2013;2053;2112;2020;2040;2083;2006;2063;2088;2025;2078;2091;2069;1992;2042;2027;2062;2127;2043;2082;2091;2133;2052;2724;2778;2042;2094;2108;2110;2035;2077;2119;2032;2043;2053;2065;2122;2069;2116;2025;2071;2114]
[01:08:00 GMT+2;60;2119;2117;2036;2077;2125;2037;2087;2095;2002;2038;2081;2096;2088;2020;2056;2042;2071;2110;2031;2084;2003;2682;2733;1997;2042;2083;2010;2058;2053;2107;2037;2036;2082;2003;2030;2088;2010;2045;2042;2071;2107;2023;2073;1992;2083;2060;2077;2088;2010;2053;2096;2015;2060;2106;2110;2012;2060;2114;2029;2058]
[01:09:00 GMT+2;60;1976;2713;2708;2101;2017;2051;1977;2027;2038;2015;2045;2015;2069;1987;2035;2082;2087;2103;2015;2063;1988;2025;2077;2000;2094;2013;2056;2108;2025;2065;1976;2043;2059;2096;2017;2066;2114;2030;2069;2052;2060;2104;2020;2114;2095;2010;2027;2031;2079;2002;2031;2088;2015;2049;2088;2015;2012;2024;2068;2071]
[01:10:00 GMT+2;60;1975;2094;1970;2013;2043;1970;2012;2045;1978;2020;2065;2010;2096;2015;2040;2098;2087;2112;2052;2091;2009;2040;2095;2010;2008;2025;2018;2075;2021;2083;2003;2042;2064;2114;2027;2073;2112;2036;2083;2083;2003;2042;2056;2095;2015;2102;2094;2119;2031;2075;2120;2023;2073;2119;2119;2000;2042;2083;1998;2027]
[01:11:00 GMT+2;60;2030;2025;2090;2042;2088;2003;2051;2087;2035;2050;2052;2083;2120;2051;2090;2136;2056;2056;2066;2073;2120;2066;2129;2101;2114;2122;2035;2077;2125;2049;2088;2056;2064;2066;2107;2024;2076;2120;2015;2107;2103;2027;2096;2043;2083;1989;2040;2043;2056;2095;2010;2065;2103;2017;2023;2024;2030;2075;2038;1997]
[01:12:00 GMT+2;60;2037;2051;2056;2056;2107;2020;2053;2096;2021;2058;2114;2031;2066;2071;2082;2114;2024;2050;2083;2008;2043;2023;2077;2116;2035;2038;2050;2088;2122;2045;2050;2087;2012;2062;2066;2106;2024;2052;2104;2024;2025;2029;2064;2107;2024;2063;2088;2105;1934;1938;1882;1923;1955;1870;1925;1907;1928;1919;1976;1880]
[01:13:00 GMT+2;60;1915;1944;1944;1963;1882;1911;1950;1946;1978;1895;1928;1984;1905;1934;1956;1976;1932;1939;1944;1869;1917;1948;1976;1946;1882;1923;1958;1879;1923;1963;1871;1963;1916;1988;1902;1928;1976;1905;1939;1974;1950;1880;1937;1972;1894;1934;1963;1978;1964;2000;1905;2000;1909;1944;1987;1875;1902;1917;1928;1897]
[01:14:00 GMT+2;60;1917;1937;1934;1952;1976;1907;1934;1984;1910;1948;1958;1970;1894;1923;1964;1884;1884;1909;1923;1955;1879;1917;1958;1882;1876;1936;1925;1974;1897;1930;2006;1928;1932;1972;1916;1862;1907;1948;1976;1972;1946;1911;1944;1986;1905;1934;1982;2000;2012;1932;1964;1978;1923;1976;1911;1911;1928;1956;1988;1909]
[01:15:00 GMT+2;60;1909;1956;1956;1982;1992;1916;1950;1991;1911;1894;1930;1946;1964;1900;1919;1975;1882;1920;1904;1956;1986;1898;1936;1975;1894;1909;1907;1946;1882;1946;1956;1923;1960;1960;1970;1909;1895;1988;1909;1958;1946;1956;1882;1916;1958;1970;1884;1916;1923;1920;1970;1897;1964;1972;1978;1936;1946;1978;1978;1894]
[01:16:00 GMT+2;60;1930;1923;1969;1978;1978;1897;1946;1977;1898;1930;1935;1987;1912;1958;1886;1915;1965;1869;1882;1960;1911;1963;1869;1912;1958;1885;1894;1972;1937;1978;1905;1989;1905;1930;1923;1965;1882;1964;1884;1923;1965;1970;1976;1910;1944;1951;1871;1909;1923;1925;1960;1902;1930;1938;1976;1935;1948;1935;1952;1909]
[01:17:00 GMT+2;60;1932;1914;1970;1972;1934;1958;1884;1934;1972;1905;1935;1923;1950;1925;1960;1892;1930;1965;1986;1978;1871;1909;1950;1880;1919;1950;1963;1965;1904;1905;1885;1970;1895;1928;1932;1939;1871;1885;1869;1921;1958;1950;1976;1885;1923;1937;1986;1946;1980;1875;1921;1956;1882;1928;1923;1974;1972;1984;1905;1935]
[01:18:00 GMT+2;60;1863;1956;1876;1885;1948;1969;1892;1923;1969;1885;1972;1934;1946;1972;1897;1946;1982;1897;1934;1948;1923;2567;1925;1965;1992;1972;1986;1992;1930;1964;1972;1976;1902;1946;1948;1976;1904;1958;1982;1910;1925;1928;1956;1880;1976;1905;1938;1875;1911;1910;1897;1930;1975;1897;1950;1884;1918;1925;1902;1936]
[01:19:00 GMT+2;60;1880;2609;1944;1960;1946;1904;1925;1978;1892;1925;1964;1886;1980;1869;1963;1882;1923;1958;1894;1930;1895;1946;1976;1897;1937;1988;1904;1923;1911;1939;1964;1935;1869;1904;1948;1917;1892;1939;1972;1894;1934;2535;1894;1871;1879;1925;1956;1880;1932;1964;1882;1897;1932;1900;1936;1972;1897;1944;1948;1958]
[01:20:00 GMT+2;60;1958;1972;1965;1882;1916;1969;1905;1932;1982;1860;1911;1946;1869;1876;1885;1930;1964;1975;1939;1860;1876;2564;2601;1922;1960;1900;1897;1876;1882;1894;1925;1897;1948;1976;1897;1972;1986;1902;2555;2075;2088;2071;2001;2008;2071;1972;2015;2049;1977;2000;2052;2058;2062;1986;2020;2023;2071;2018;2030;2031]
[01:21:00 GMT+2;60;1958;2649;2681;2036;1961;1989;2009;1965;2015;1974;2023;1952;1982;2030;1960;1963;1978;2036;2032;1963;2000;2001;2022;2043;1965;2018;2043;1965;2017;2017;1939;1986;2065;1982;2009;2068;1956;1956;2008;2036;1948;2715;2107;2147;2021;2058;2065;2069;2110;2053;2119;2129;2138;2052;2091;2139;2056;2091;2105;2103]
[01:22:00 GMT+2;60;2024;2038;2077;2116;2032;2082;2090;2062;2068;2069;2122;2017;1986;1998;1998;2038;2073;2003;2050;2090;2018;2656;2648;2708;2778;2023;2050;2104;2025;2025;2068;2029;2071;1988;2013;2036;2045;2062;2015;2042;2095;2018;2050;2101;1982;1982;2031;2071;1998;2036;2043;2020;2012;1986;2030;2073;2003;2042;2065;2079]
[01:23:00 GMT+2;60;2082;2610;2650;2713;2777;2650;2792;2068;2073;1986;2042;2081;2010;2076;2000;2012;2006;2081;2000;2042;2078;1999;2036;2042;2045;2040;2087;2050;2013;2056;2060;1989;2013;2063;1986;2017;2065;1986;1988;1992;2036;2665;2705;2767;2639;2652;2724;2065;1984;2029;2065;2075;2000;1992;2022;2066;2104;2018;2060;2079]
[01:24:00 GMT+2;60;2105;2088;2009;2058;2088;2003;2058;2060;2027;2027;2023;2083;2000;2038;2078;2087;2088;2003;2040;2084;2001;2694;2738;2744;2755;2628;2689;2073;1998;2030;2066;1998;2008;2038;1978;2051;2091;1998;2015;2012;2058;2095;2012;2053;2091;1999;2101;1970;2021;1970;2021;2050;2076;2008;2018;2053;2091;2003;2042;2084]
[01:25:00 GMT+2;60;1992;2740;2725;2608;2662;2725;2672;2612;2023;2030;2037;2064;2030;2069;2068;2075;2073;2081;2040;2027;2058;2105;2017;2060;2073;2075;2122;2031;2076;2116;2024;2116;2000;2042;2040;2087;2024;2114;2030;2024;2042;2733;2766;2639;2700;2761;2633;2639;2646;2708;1974;2020;2010;2071;1992;2006;2036;2087;2002;2043]
[01:26:00 GMT+2;60;2077;1974;1986;1986;2013;2027;2062;2027;1978;2027;2024;2088;2000;2027;2083;2009;2038;2050;2060;1976;1989;2678;2723;2604;2665;2672;2622;2631;2693;2761;2635;2077;2038;2023;2069;2036;2003;2053;1965;2013;2029;2077;1988;2038;2078;1987;2038;2009;2001;2013;2052;1970;2013;2050;1970;1998;2051;1970;1997;2003]
[01:27:00 GMT+2;60;2038;2631;2671;2629;2639;2698;2639;2649;2710;2778;2648;2653;2002;2040;1969;2003;2001;2037;2077;2009;2062;1988;2030;2068;1978;2003;2018;2013;2049;1976;1976;2064;2002;2013;2010;2056;1972;2018;2062;1970;2009;2670;2657;2719;2782;2649;2622;2626;2683;2745;2650;2662;2062;1982;2025;2065;2073;2040;2045;2077]
[01:28:00 GMT+2;60;2013;2066;1991;2029;2008;2045;2090;1987;2038;2090;2012;2045;1999;2035;2003;2091;2012;2058;2084;2096;1982;2660;2705;2775;2644;2704;2624;2765;2769;2648;2781;2031;2075;1989;2031;2003;2036;2017;2058;2104;2022;2050;2071;2090;2021;2050;2091;2135;2036;2084;2103;2088;2088;2095;2095;2104;2035;2065;2128;2027]
[01:29:00 GMT+2;60;2078;2765;2759;2634;2694;2705;2713;2779;2654;2713;2660;2721;2793;1984;1987;2035;2075;1998;2037;2066;1989;1974;1988;2038;2094;2040;2071;1998;1989;2008;2038;2002;2050;2101;1989;2038;2015;2056;2107;2051;1989;2689;2733;2736;2740;2613;2665;2720;2784;2654;2783;2727;2734;2102;2025;2060;1976;2015;2025;2035]
[01:30:00 GMT+2;60;2069;2065;2058;2077;1987;2040;2058;1964;2010;2042;2083;2010;2045;2056;2075;1972;2030;2030;2063;1972;2056;2738;2721;2767;2655;2710;2705;2714;2781;2712;2667;2749;2622;2038;2071;1988;2029;2030;2040;2081;1988;2025;2025;2040;2038;2075;2000;2024;2087;2000;2031;2071;2081;2083;2000;2022;2084;2076;2088;2037]
[01:31:00 GMT+2;60;2040;2744;2603;2659;2720;2601;2733;2679;2692;2755;2631;2698;2081;2001;2056;2077;2079;2081;2077;2017;2065;1992;2023;2010;2060;2000;2051;2096;2009;2060;2023;1964;1970;2021;1965;2006;2056;1963;1987;1998;2021;2616;2669;2744;2622;2649;2727;2751;2631;2698;2582;2649;2667;2006;2021;1946;1988;2031;2058;1916]
[01:32:00 GMT+2;60;1937;1936;1986;2031;1937;2002;2045;1977;1989;1972;2006;1963;2013;2062;2002;2065;2050;2065;1982;2020;1972;2667;2718;2741;2755;2637;2613;2612;2672;2751;2631;2717;2021;2071;1978;2036;2042;2064;1975;2002;2018;2053;1996;2025;2043;1970;2015;2020;1946;1974;1989;1965;2013;2012;1946;1965;2002;2058;1972;1997]
[01:33:00 GMT+2;60;2038;2581;2579;2714;2603;2671;2744;2622;2682;2698;2703;1956;1987;1992;2030;1992;2042;2056;2062;1986;2027;1958;1982;2021;2031;2043;2053;2064;1976;2068;1964;2050;1950;1960;2012;2045;1958;1989;2021;2015;2051;2708;2751;2624;2688;2751;2723;2738;2744;2621;2721;2049;1965;2015;2018;2021;1948;2015;2060;1975]
[01:34:00 GMT+2;60;2012;2025;2031;2006;2010;2045;2003;1978;2051;1956;1982;1972;2021;1946;1975;2031;1950;1955;1969;1992;2037;2600;2637;2708;2589;2599;2608;2669;2733;2613;2370;1953;2009;2050;1974;2012;2058;1972;2018;2027;2030;2036;1965;2017;2064;1977;2017;2058;1946;1951;1982;2035;2038;1963;2050;1964;1975;1975;2024;2045]
[01:35:00 GMT+2;60;1964;2669;2718;2725;2734;2614;2601;2603;2665;2727;1972;1969;1964;1998;2051;1978;2015;2051;1958;2027;1970;2012;1934;1989;2021;1937;1952;1956;1970;2006;2024;2013;1958;1969;1958;2010;2060;1958;2015;2056;1975;2609;2626;2635;2703;2603;2661;2715;2597;2609;1987;2042;1963;1987;2040;1964;1961;1970;2020;1976]
[01:36:00 GMT+2;60;2010;2036;1950;2008;1991;2012;2043;1964;2013;2002;2031;2029;1930;1981;2010;1907;1951;1976;1914;1937;1946;2693;2740;2612;2676;2749;2574;2579;2649;2003;1917;2000;1930;1976;1976;1988;1970;2020;1946;1972;2012;1937;1939;1986;1917;1916;2001;1921;1952;1974;1964;2017;1930;1970;1982;2022;1992;1998;1919;1958]
[01:37:00 GMT+2;60;1978;2730;2597;2649;2708;2719;2660;2665;2025;1936;1978;2012;2015;1998;1910;1988;1911;1958;1989;1999;2006;1925;1960;1970;2000;1974;2008;1923;1965;1987;1917;1999;1917;1934;1923;1978;2008;1930;1986;2008;2023;1171;953;960;978;991;1002;887;262;275;268;256;260;277;267;264;273;263;282;268]
[01:38:00 GMT+2;60;277;270;276;265;259;263;265;264;256;265;265;265;254;270;255;257;265;258;266;262;262;962;975;991;994;991;312;256;276;257;270;276;265;264;273;264;264;273;276;276;264;256;276;267;256;255;264;267;268;253;264;259;276;264;251;267;265;255;266;264]
[01:39:00 GMT+2;60;272;990;950;967;993;965;358;255;267;260;275;268;259;268;260;280;308;307;307;295;278;289;300;284;281;294;297;304;306;291;295;294;297;282;281;276;292;295;289;293;294;304;1026;975;999;395;260;270;273;251;267;270;256;270;256;269;259;255;259;276]
[01:40:00 GMT+2;60;267;270;262;276;281;263;277;279;259;273;262;268;260;264;270;270;255;265;264;277;263;949;991;654;270;269;279;264;259;270;265;270;273;265;265;270;266;263;278;264;255;269;262;267;269;259;267;269;269;277;270;263;256;275;267;264;278;264;250;264]
[01:41:00 GMT+2;60;273;991;494;253;266;247;250;259;265;252;263;257;263;265;268;254;255;260;268;262;265;260;260;268;255;265;264;264;252;270;264;269;270;258;268;256;259;266;256;273;263;978;270;265;253;264;256;269;264;269;259;252;266;263;251;265;257;268;255;256]
[01:42:00 GMT+2;60;259;255;250;245;260;264;256;251;267;256;265;252;252;250;264;264;253;246;251;252;251;956;302;240;255;240;241;254;264;242;257;269;251;245;265;264;244;253;240;252;251;250;251;267;253;249;262;282;291;283;289;280;289;278;282;283;281;276;283;277]
[01:43:00 GMT+2;60;270;276;281;282;279;284;278;275;291;281;279;281;280;289;276;282;277;241;258;240;256;254;249;256;253;266;252;247;262;264;244;253;269;264;255;247;260;254;244;254;259;265;256;245;259;253;251;263;260;250;245;253;251;251;254;255;264;250;264;260]
[01:44:00 GMT+2;60;265;263;255;262;263;249;263;255;262;270;255;255;265;254;251;260;254;268;246;1505;1529;1530;1537;1479;1491;1508;1509;1477;1477;1480;1496;1472;1490;1529;1469;1507;1505;1535;1472;1469;1509;1521;1472;1461;1524;1460;1485;1490;1509;1455;1455;1456;1495;1489;1522;1467;1482;1522;1497;1509]
[01:45:01 GMT+2;60;1452;1455;1464;1507;1455;1453;1437;1471;1517;1492;1437;1469;1444;1460;1485;1485;1432;1449;1447;1490;1495;1430;1455;1482;1432;1451;1477;1472;1489;1437;1455;1430;1455;1467;1425;1457;1479;1413;1432;1455;1423;1450;1453;1473;1430;1442;1479;1482;1444;1444;1440;1473;1486;1447;1477;1498;1425;1425;1449;1460]
[01:46:00 GMT+2;60;1403;1426;1449;1490;1447;1478;1424;1433;1447;1414;1437;1444;1444;1472;1405;1432;1453;1398;1437;1437;1472;1457;1489;1426;1460;1452;1471;1478;1511;1455;1503;1479;1491;1497;1526;1472;1491;1499;1500;1437;1452;1466;1490;1492;1445;1478;1486;1499;1492;1426;1445;1451;1467;1420;1426;1466;1425;1447;1484;1425]
[01:47:00 GMT+2;60;1437;1451;1451;1457;1442;1470;1421;1432;1472;1477;1479;1428;1449;1464;1426;1461;1455;1461;1485;1430;1456;1483;1440;1453;1457;1484;1427;1449;1478;1413;1458;1440;1426;1472;1430;1472;1425;1492;1438;1437;1491;1430;1433;1477;1406;1457;1467;1455;1485;1477;1479;1526;1509;1526;1503;1455;1486;1521;1522;1457]
[01:48:00 GMT+2;60;1484;1442;1445;1477;1504;1453;1466;1509;1511;1512;1455;1513;1482;1498;1438;1488;1489;1500;1444;1497;1529;1464;1498;1469;1485;1511;1538;1472;1517;1535;1534;1486;1482;1521;1464;1477;1472;1466;1495;1521;1472;1488;1534;1478;1499;1526;1535;1522;1538;1482;1495;1538;1486;1485;1492;1470;1500;1511;1459;1494]
[01:49:00 GMT+2;60;1464;1450;1492;1513;1531;1452;1489;1509;1522;1466;1492;1522;1472;1492;1477;1497;1524;1470;1496;1513;1503;1472;1464;1482;1494;1451;1478;1503;1447;1455;1447;1518;1467;1524;1470;1489;1450;1456;1455;1440;1472;1497;1674;1457;1477;1478;1498;1451;1491;1521;1551;1571;1551;1503;1529;1543;1495;1530;1509;1504]
[01:50:00 GMT+2;60;1522;1531;1485;1511;1538;1500;1509;1509;1539;1479;1483;1521;1521;1553;1543;1491;1521;1546;1503;1517;1536;2125;2180;1499;1522;1473;1535;1479;1484;1524;1456;1509;1473;1498;1536;1521;1452;1456;1456;1482;1511;1453;1479;1482;1486;1518;1459;1490;1511;1457;1485;1531;1466;1497;1521;1473;1495;1503;1521;1433]
[01:51:00 GMT+2;60;1440;1469;2210;1526;1455;1489;1499;1453;1491;1467;1499;1529;1470;1479;1485;1486;1509;1466;1486;1518;1513;1517;1457;1485;1522;1498;1526;1478;1495;1530;1472;1504;1534;1477;1492;1507;1498;1453;1482;1509;1457;2141;2235;1509;1464;1485;1494;1446;1482;1450;1460;1467;1522;1473;1499;1533;1475;1479;1447;1478]
[01:52:00 GMT+2;60;1495;1518;1453;1482;1518;1524;1457;1498;1491;1524;1464;1509;1522;1522;1453;1484;1517;1457;1492;1521;1503;1509;2158;2184;1497;1445;1456;1521;1492;1453;1495;1478;1497;1490;1505;1470;1483;1524;1466;1466;1498;1440;1433;1442;1480;1500;1444;1466;1503;1503;1513;1456;1486;1503;1444;1500;1440;1466;1426;1460]
[01:53:00 GMT+2;60;1475;1433;2183;2222;1496;1498;1444;1492;1432;1453;1440;1464;1472;1430;1473;1495;1483;1503;1448;1472;1484;1509;1498;1530;1472;1513;1505;1524;1472;1529;1472;1529;1494;1508;1511;1521;1551;1492;1522;1559;1494;1503;2277;2226;2185;1512;1538;1491;1486;1440;1460;1482;1497;1427;1472;1437;1455;1479;1517;1445]
[01:54:00 GMT+2;60;1469;1495;1491;1504;1427;1485;1507;1450;1490;1444;1440;1445;1472;1498;1479;1498;1448;1458;1477;1504;1452;1466;2227;2185;2224;2167;1430;1495;1445;1479;1442;1500;1433;1427;1456;1488;1458;1486;1426;1437;1444;1479;1466;1495;1433;1472;1491;1482;1438;1467;1491;1495;1426;1471;1447;1477;1504;1452;1470;1482]
[01:55:00 GMT+2;60;1442;1414;2122;2146;2195;1497;1437;1477;1509;1432;1455;1490;1427;1467;1479;1426;1426;1440;1447;1498;1445;1471;1509;1453;1442;1482;1489;1444;1473;1482;1440;1472;1479;1432;1470;1484;1428;1458;1457;1460;1484;1425;2198;2226;2169;2165;2171;2177;2221;1529;1449;1467;1447;1477;1479;1428;1472;1490;1420;1451]
[01:56:00 GMT+2;60;1467;1457;1467;1477;1444;1459;1492;828;308;309;307;316;307;308;306;293;307;304;282;306;306;282;993;991;1006;1021;991;1006;338;308;283;292;307;296;282;305;291;279;304;294;306;297;300;299;297;291;295;308;306;307;358;349;331;331;331;316;319;326;319;323]
[01:57:00 GMT+2;60;332;990;1017;1033;1055;1054;1054;1019;1041;331;321;338;332;336;330;319;336;334;319;317;304;295;312;300;302;312;289;307;297;292;310;294;312;297;294;296;279;304;310;306;307;305;1019;1029;990;1006;1026;1019;988;953;264;268;255;249;262;262;251;251;254;250]
[01:58:00 GMT+2;60;254;267;256;249;246;263;253;256;256;251;264;247;251;251;246;259;244;259;247;244;264;253;991;978;952;966;978;952;969;966;966;930;245;256;251;242;253;250;260;251;247;257;250;260;247;240;256;264;256;250;264;244;264;250;245;252;247;247;241;254]
[01:59:00 GMT+2;60;255;256;954;969;965;965;978;949;965;969;989;952;953;262;255;243;262;253;264;254;249;264;264;251;245;262;250;262;254;245;264;241;258;245;256;251;251;251;262;254;252;239;966;974;990;955;966;966;978;991;962;978;949;404;256;247;260;239;258;247]
#End Recording
