#File [EPower-20250727-1843-GMT+2.txt]
#Start Recording
[18:44:00 GMT+2;60;296;300;307;318;322;306;316;306;306;283;310;317;312;312;326;294;308;295;317;306;305;307;302;320;309;326;320;307;312;294;305;307;299;282;296;295;302;302;310;314;312;293;294;289;306;314;322;330;283;294;294;308;318;291;294;307;300;294;316;300]
[18:45:00 GMT+2;60;306;319;318;284;304;316;295;289;320;304;320;314;294;294;284;296;316;318;308;297;310;295;300;308;300;283;282;304;300;324;322;294;314;317;295;282;281;291;295;300;307;316;307;304;304;316;322;307;300;292;282;293;312;307;299;296;306;318;318;308]
[18:46:00 GMT+2;60;307;307;300;305;297;307;310;308;300;300;316;318;307;318;311;307;289;306;295;311;307;309;320;300;309;322;307;318;296;311;314;320;325;318;299;295;306;296;306;289;302;309;300;307;310;308;302;319;307;319;307;309;306;305;292;282;290;295;309;306]
[18:47:00 GMT+2;60;304;318;294;294;319;312;317;307;308;310;300;295;316;299;320;306;309;309;297;299;297;317;307;318;293;300;319;322;310;319;318;309;324;295;307;306;306;297;307;294;291;310;307;307;314;304;320;316;318;317;295;317;317;308;319;307;307;308;308;308]
[18:48:00 GMT+2;60;305;324;327;320;311;316;318;306;306;297;291;305;295;294;305;307;310;294;293;294;300;323;318;300;307;300;304;314;289;292;316;306;283;312;295;304;302;312;312;297;302;307;308;329;295;312;325;326;314;302;326;320;316;291;320;310;282;282;308;291]
[18:49:00 GMT+2;60;295;297;305;277;289;332;307;308;306;294;298;294;292;316;300;318;326;293;307;307;307;307;310;282;304;307;299;295;294;319;291;299;306;296;316;319;306;320;323;306;293;316;295;304;278;289;308;318;317;314;296;312;319;312;302;318;310;294;334;334]
[18:50:00 GMT+2;60;331;312;312;334;320;309;305;294;308;294;320;295;294;300;293;307;294;296;316;307;308;294;302;319;307;316;307;307;319;311;307;310;307;322;312;318;319;310;310;307;307;322;326;318;308;316;322;314;321;325;334;320;312;302;324;307;314;319;320;320]
[18:51:00 GMT+2;60;322;332;320;304;323;338;310;320;337;307;321;332;331;332;332;319;312;323;324;305;309;326;334;326;317;307;308;311;311;310;310;294;326;337;307;316;320;323;317;296;330;318;265;289;281;282;300;276;281;294;306;291;276;283;297;307;310;294;282;282]
[18:52:00 GMT+2;60;294;291;316;294;310;279;304;281;289;292;293;300;320;289;291;291;278;279;282;290;306;281;281;294;278;293;293;307;295;304;282;294;279;294;302;296;304;273;294;282;300;277;280;294;278;307;282;292;305;270;282;292;291;295;276;273;295;300;289;297]
[18:53:00 GMT+2;60;304;289;282;282;281;295;305;281;281;291;300;277;273;289;278;306;291;293;279;292;282;277;293;300;293;292;295;283;281;291;282;295;289;294;292;289;294;283;304;292;276;297;297;292;282;310;293;334;339;337;325;333;316;331;329;322;331;333;345;320]
[18:54:00 GMT+2;60;325;331;334;337;335;320;330;316;320;307;319;314;338;333;316;326;317;331;326;323;318;332;338;347;318;333;319;322;334;318;323;320;318;326;331;326;312;324;320;332;332;333;324;310;326;349;333;336;329;347;336;321;326;311;318;326;325;332;326;324]
[18:55:00 GMT+2;60;322;322;322;347;330;319;326;333;336;326;323;317;323;358;349;324;347;336;337;325;336;338;332;332;334;359;319;323;349;322;356;332;350;348;336;332;338;353;325;350;329;350;329;336;338;337;349;360;350;347;338;353;338;329;326;350;350;331;326;338]
[18:56:00 GMT+2;60;345;332;320;329;326;332;320;338;347;331;338;338;336;335;320;324;331;318;277;275;279;276;270;289;279;276;305;294;275;307;292;291;280;306;294;278;276;291;270;276;281;258;291;279;263;276;273;281;264;294;270;277;270;279;281;283;304;295;275;289]
[18:57:00 GMT+2;60;292;295;276;297;282;295;282;294;282;282;282;289;314;292;282;281;277;294;282;289;282;293;294;273;282;296;269;269;276;278;279;282;291;283;282;282;278;302;293;277;266;273;276;289;290;277;281;289;291;277;292;293;294;304;278;293;284;283;282;289]
[18:58:01 GMT+2;60;283;276;291;300;295;282;293;270;291;299;283;294;295;282;293;290;277;282;279;294;294;291;283;279;307;270;279;304;273;278;283;279;264;291;282;281;269;273;282;308;294;280;300;307;300;293;278;290;295;306;289;277;290;276;283;306;279;282;295;294]
[18:59:00 GMT+2;60;290;282;272;282;276;273;269;269;277;273;279;279;282;304;291;294;294;297;281;294;282;294;289;290;290;270;275;291;291;279;291;297;269;275;297;292;279;270;264;268;276;283;282;266;296;282;277;294;276;267;269;277;281;291;282;410;294;282;293;266]
[19:00:00 GMT+2;60;191;198;196;202;198;197;208;218;197;202;191;208;202;198;200;204;192;196;192;201;202;201;198;197;200;194;191;187;190;194;205;203;200;196;205;198;199;210;204;200;204;212;196;203;200;191;206;204;199;192;210;208;206;205;192;205;208;198;196;200]
[19:01:00 GMT+2;60;202;209;206;196;194;189;200;194;198;201;203;195;204;201;206;206;194;205;205;206;206;197;194;206;202;206;206;210;202;199;198;198;194;205;198;206;213;201;214;203;185;192;205;201;191;196;203;210;209;221;206;198;218;196;210;206;225;203;183;204]
[19:02:00 GMT+2;60;203;206;198;206;202;211;203;189;206;198;194;205;205;190;218;194;184;218;186;196;191;197;191;205;208;185;202;192;212;200;189;194;203;203;224;211;189;211;205;210;204;218;199;191;190;187;192;194;197;198;205;195;198;176;189;206;195;212;192;212]
[19:03:00 GMT+2;60;205;194;205;190;196;182;181;192;198;194;184;200;203;183;187;182;195;194;208;205;197;192;196;210;203;205;196;194;210;191;192;194;213;200;210;194;189;213;184;194;203;204;202;203;210;197;195;191;223;191;184;217;191;189;206;203;210;212;197;211]
[19:04:00 GMT+2;60;191;206;195;197;205;206;210;198;196;214;197;200;206;196;209;202;195;204;196;203;195;195;197;203;196;206;198;206;181;203;194;811;811;785;804;776;791;771;788;789;802;817;778;785;778;779;797;797;809;809;824;796;805;801;804;818;809;817;809;817]
[19:05:00 GMT+2;60;829;817;800;809;808;828;811;809;828;804;811;817;821;823;817;834;797;804;794;833;800;834;804;821;804;793;808;809;817;804;823;828;815;798;840;833;833;821;794;817;815;811;852;858;888;911;939;907;939;936;969;966;978;942;941;969;874;966;939;956]
[19:06:00 GMT+2;60;956;937;941;960;967;974;926;927;925;960;949;960;969;960;975;977;946;939;975;965;972;868;876;953;937;961;929;975;954;988;978;937;979;960;991;388;389;391;387;413;409;404;415;403;389;387;385;377;379;405;372;400;388;377;379;374;379;379;379;386]
[19:07:00 GMT+2;60;363;365;370;338;374;353;351;363;377;351;373;361;364;362;370;359;350;351;350;362;359;359;365;347;353;358;374;360;361;372;359;359;384;366;375;382;367;372;372;374;360;364;365;429;417;417;425;413;430;419;402;427;425;429;420;403;413;413;431;413]
[19:08:00 GMT+2;60;488;415;415;400;1015;1032;1043;1062;1014;1021;1030;1051;1014;1013;1021;993;1006;1030;1026;1033;982;1002;1015;1043;1045;1043;998;1032;991;1026;1026;993;1047;1021;1030;1033;1007;1007;1030;1029;1049;1014;1018;1023;1049;999;1002;995;1015;1019;1029;1041;1043;1059;1033;1054;1002;1021;1021;1055]
[19:09:00 GMT+2;60;1002;1062;1057;1008;1023;1033;1043;1002;991;1045;1033;1055;1006;1007;1033;1026;1002;991;1160;1079;1067;1082;1115;1072;1078;1067;1069;1104;1105;1064;1075;1102;1096;1098;1105;1069;1062;1066;1106;1068;1067;1078;1093;1049;1067;1088;1106;1108;1096;1051;1066;1082;1083;1057;540;476;482;459;476;461]
[19:10:00 GMT+2;60;495;509;501;516;521;501;500;766;514;824;824;1011;1133;1140;1096;1115;1105;1128;1133;1111;1140;1140;1111;1108;1114;1133;1108;1139;1135;1110;1127;1132;1140;1132;1147;1140;1109;1132;1140;1088;1096;1121;1100;1109;1109;1140;1075;1102;1099;1088;1115;1127;1165;1108;1127;1139;1128;1148;1163;1112]
[19:11:00 GMT+2;60;1124;1119;1125;1108;1145;1120;1087;1128;1115;1147;1152;1139;1106;1127;1133;1153;1108;1137;1127;1121;1151;1163;1126;1118;1119;1166;1125;1132;1109;1154;1128;1101;1128;1118;1102;1132;1153;1131;1114;1128;1115;1121;1133;1137;1105;1133;1122;1151;1151;1142;1120;1118;1150;1094;1108;1140;1139;1142;1128;1082]
[19:12:00 GMT+2;60;1108;1105;1124;1126;1099;1099;1098;1099;1106;1127;1108;1114;1120;1137;1109;1108;1115;1140;1072;1076;1121;1076;1106;1127;1142;1088;1083;1108;1133;1163;1132;1154;1163;1140;1115;1120;1153;1132;1157;1122;1132;1133;1122;1139;1168;1100;1133;1145;1153;1142;1139;1111;1114;1120;1130;1157;1101;1111;1105;1133]
[19:13:00 GMT+2;60;1142;1128;1147;1088;1114;1147;1139;1121;1115;1128;1137;1109;1102;1120;1133;1131;1102;1118;1125;1131;1125;1133;1128;1105;1096;1127;1128;1131;1139;1105;1120;1096;1152;1119;1140;1127;1105;1125;1132;1102;1098;1111;1150;1088;1099;1126;1133;1114;1098;1133;1139;1139;1148;1131;1102;1178;1205;1181;1202;1191]
[19:14:00 GMT+2;60;1202;1191;1194;1163;1181;1189;1214;1169;1153;1172;1181;1207;1191;1193;1153;1191;1178;1208;1157;1185;1161;1202;1214;1246;1205;1218;1241;1260;1252;1239;1244;1210;1225;1246;1191;1185;1194;1191;1223;1216;1240;1239;1194;1173;1175;1205;1218;1233;1181;1191;1202;1193;1214;1232;1175;1214;1199;1216;1212;1208]
[19:15:00 GMT+2;60;1226;1233;1178;1208;1212;1234;1231;1214;1229;1166;1226;1189;1191;1208;1193;1216;1240;1191;1191;1202;1178;1210;1187;1213;1243;1194;1210;1218;1238;1229;1242;1185;1200;1216;1189;1191;1220;1216;1216;1231;1210;1202;1209;1199;1187;1218;1225;1181;1175;1189;1212;1216;1218;1164;1191;1210;1232;1181;1191;1171]
[19:16:00 GMT+2;60;1158;1229;1185;1180;1199;1194;1210;1214;1218;1172;1006;939;939;949;1043;1093;1228;1019;927;579;941;575;923;583;920;577;937;565;917;571;907;596;953;577;957;567;936;583;952;583;914;566;927;583;939;565;927;575;954;567;939;548;929;596;952;578;936;574;925;583]
[19:17:00 GMT+2;60;942;577;900;578;927;583;936;565;927;562;903;577;921;552;901;534;907;558;952;562;907;556;942;567;913;570;926;536;907;565;937;540;922;565;907;562;927;548;921;571;907;574;900;577;899;562;918;584;912;565;925;570;913;559;925;567;903;544;900;573]
[19:18:00 GMT+2;60;921;579;915;542;913;574;907;562;922;574;892;548;929;572;907;553;883;547;903;578;941;590;923;548;912;579;917;553;911;580;912;565;927;558;909;578;949;584;939;595;911;556;936;569;894;547;915;577;913;583;894;565;917;578;900;582;936;549;907;577]
[19:19:00 GMT+2;60;935;553;893;548;921;565;887;570;918;583;885;543;937;543;903;565;920;548;916;553;903;558;907;567;915;553;899;555;894;570;923;529;892;548;874;543;907;530;894;558;936;577;911;584;936;590;926;583;918;570;920;562;897;577;925;567;937;579;558;570]
[19:20:00 GMT+2;60;556;582;592;590;541;574;553;570;577;592;566;574;582;542;572;574;577;574;577;590;565;564;565;553;575;558;579;553;553;567;578;578;549;583;590;598;570;553;558;562;577;574;577;577;566;548;543;565;571;570;543;569;565;542;552;571;577;598;544;571]
[19:21:00 GMT+2;60;582;565;575;547;565;583;583;579;579;567;582;567;539;570;558;571;575;556;536;557;548;577;579;571;574;553;570;544;558;577;564;577;565;575;565;571;577;555;578;548;565;567;569;556;603;555;556;567;565;584;580;566;558;577;548;547;565;557;567;571]
[19:22:00 GMT+2;60;553;579;556;556;570;583;561;545;553;565;567;590;548;571;551;577;587;577;590;553;564;562;567;590;591;545;566;562;571;547;574;574;555;574;577;570;565;535;548;567;583;567;557;542;553;543;574;545;559;548;547;556;549;579;553;548;553;569;577;565]
[19:23:00 GMT+2;60;544;570;579;570;565;577;577;578;595;565;565;551;562;541;591;557;565;553;565;569;541;529;542;565;584;562;565;569;555;571;541;565;577;567;577;570;565;548;577;577;570;574;553;556;561;551;570;572;569;577;553;562;553;569;571;558;556;541;534;541]
[19:24:00 GMT+2;60;551;565;565;551;567;542;547;565;564;565;547;565;558;556;565;569;574;565;582;556;565;564;569;544;529;548;547;548;536;535;551;570;566;553;553;565;548;534;541;578;553;544;558;583;538;534;562;562;548;553;571;583;543;544;556;574;567;541;536;577]
[19:25:00 GMT+2;60;547;547;539;545;555;553;553;564;567;552;541;542;553;565;574;566;539;543;564;570;547;556;574;577;551;560;570;553;545;553;548;571;571;548;569;553;565;553;570;540;556;565;588;529;539;541;534;553;571;539;547;547;565;565;567;536;529;566;545;549]
[19:26:00 GMT+2;60;571;556;562;571;534;544;565;541;547;553;539;541;541;553;564;553;571;565;555;542;549;552;562;565;534;541;565;542;574;553;536;540;574;555;558;551;541;536;555;571;570;553;558;548;591;594;607;582;580;592;590;601;571;571;603;590;588;606;592;571]
[19:27:00 GMT+2;60;578;571;583;595;592;578;588;601;579;578;595;592;583;588;577;592;595;578;590;573;577;573;580;571;565;571;565;603;567;574;570;557;579;555;546;565;564;545;553;553;544;553;555;538;557;565;580;544;566;578;545;555;553;565;567;572;569;548;562;565]
[19:28:00 GMT+2;60;565;556;544;557;552;579;536;552;547;553;577;556;533;553;548;553;542;539;544;541;565;567;565;562;547;558;544;548;569;539;557;567;570;565;557;548;553;570;536;558;558;543;547;556;547;547;521;529;530;538;536;551;530;541;565;570;574;542;562;536]
[19:29:00 GMT+2;60;547;565;558;556;541;544;567;555;534;542;544;547;565;544;542;551;534;548;548;553;562;553;547;561;553;534;541;551;571;542;547;521;548;569;521;577;553;570;536;534;544;562;561;541;557;542;541;551;542;549;547;565;545;521;538;538;542;552;536;548]
[19:30:00 GMT+2;60;565;542;565;574;547;533;548;539;562;551;553;530;542;541;548;544;542;534;541;534;558;534;562;530;539;562;534;534;549;542;574;552;540;553;556;541;539;564;551;553;547;548;553;548;529;534;541;544;547;542;562;555;547;538;553;534;534;547;516;530]
[19:31:00 GMT+2;60;541;529;529;532;534;529;528;549;535;534;528;521;552;551;549;552;553;565;542;553;553;552;544;530;539;562;542;543;548;541;540;558;542;547;551;547;536;529;526;526;541;542;543;519;540;548;549;552;569;565;528;553;539;529;548;534;526;536;532;514]
[19:32:01 GMT+2;60;533;485;490;485;474;487;477;470;470;468;476;467;484;470;481;494;481;490;494;469;500;511;500;489;500;477;447;476;474;508;474;467;474;497;472;468;500;476;487;496;489;471;465;490;491;484;456;471;476;494;477;461;504;471;488;457;490;500;469;497]
[19:33:00 GMT+2;60;470;476;490;448;474;489;481;490;471;487;476;471;495;467;477;487;490;477;495;470;470;471;490;472;494;477;461;482;462;481;468;448;470;456;469;459;489;468;474;496;477;469;483;467;477;483;465;456;458;489;456;445;457;474;469;474;469;465;467;474]
[19:34:00 GMT+2;60;467;487;470;447;483;467;497;484;444;461;487;482;456;474;465;474;457;490;472;448;485;457;470;468;466;461;461;477;477;482;477;468;477;489;462;448;509;489;481;477;482;494;455;471;458;474;484;465;481;470;463;472;463;468;476;469;481;491;478;489]
[19:35:00 GMT+2;60;468;476;469;462;468;483;449;468;483;468;476;462;474;474;461;483;495;487;471;476;467;469;467;485;474;458;476;461;462;469;483;466;457;483;497;484;487;476;457;476;468;489;476;496;501;457;476;468;483;468;444;476;471;481;489;484;456;465;461;471]
[19:36:00 GMT+2;60;462;474;467;469;487;476;487;466;472;467;477;472;468;457;482;478;461;459;487;476;471;481;469;449;457;462;477;471;469;469;469;477;481;457;482;461;488;489;494;462;456;477;482;461;485;481;462;465;468;476;469;485;470;476;476;467;481;467;485;477]
[19:37:00 GMT+2;60;491;471;470;489;484;487;515;481;483;487;491;483;496;469;483;476;481;485;487;482;465;467;480;471;498;490;494;469;476;470;471;449;478;478;461;461;462;469;471;468;457;477;465;477;489;472;485;482;463;468;462;457;467;482;461;483;488;461;461;472]
[19:38:00 GMT+2;60;463;468;457;456;466;474;471;483;489;474;477;485;467;444;462;477;471;469;494;472;469;485;468;450;471;469;470;483;471;476;476;468;458;469;468;489;483;461;469;461;484;476;476;482;476;485;468;458;467;462;488;468;448;476;457;476;474;484;461;468]
[19:39:00 GMT+2;60;477;462;462;487;476;471;465;450;472;455;474;461;487;476;476;489;496;449;489;501;476;471;487;482;472;501;474;456;484;481;476;445;462;467;476;463;481;457;468;461;468;468;470;481;470;468;476;483;483;467;483;484;492;476;490;471;457;467;469;468]
[19:40:00 GMT+2;60;470;450;477;468;471;485;487;482;468;476;458;481;471;482;494;482;482;476;495;483;467;468;467;468;490;476;481;461;459;474;462;468;457;466;468;483;476;467;481;481;484;476;474;469;492;482;468;463;461;490;461;448;456;496;461;470;476;456;461;441]
[19:41:00 GMT+2;60;471;504;477;467;476;495;462;470;485;468;458;462;485;470;485;481;487;462;482;496;474;467;476;481;462;492;450;481;483;489;483;456;467;474;470;445;476;459;488;476;502;467;471;469;462;476;467;476;457;469;467;500;461;481;467;481;469;485;489;490]
[19:42:00 GMT+2;60;481;503;470;469;478;462;461;474;465;485;487;456;481;485;476;491;501;467;459;477;461;489;482;457;476;485;449;461;489;468;485;482;470;467;476;458;477;458;482;471;485;467;482;494;483;503;447;474;476;468;461;458;476;467;481;490;471;476;462;465]
[19:43:00 GMT+2;60;462;462;469;476;489;481;483;485;476;474;459;445;474;445;467;485;477;476;458;476;498;476;482;487;474;478;471;478;468;445;466;487;467;442;468;467;462;468;461;458;471;468;497;471;461;478;488;444;482;437;470;447;472;476;468;481;467;461;474;471]
[19:44:00 GMT+2;60;456;462;466;459;448;445;447;489;457;467;468;442;462;477;465;438;471;468;462;461;441;471;471;490;458;457;445;462;449;469;469;435;439;440;438;456;447;445;433;467;482;443;476;481;443;450;461;476;469;458;474;467;462;470;438;468;456;449;461;485]
[19:45:00 GMT+2;60;455;459;448;450;458;461;457;447;456;465;444;457;471;468;448;462;476;471;465;467;441;462;481;488;457;458;456;443;466;448;445;429;442;461;437;458;466;459;445;474;461;467;457;459;482;462;445;462;455;461;463;467;441;444;441;462;450;476;474;457]
[19:46:00 GMT+2;60;456;461;444;448;441;467;445;458;448;468;462;457;462;463;476;485;448;435;437;447;461;458;468;449;435;474;433;465;476;443;445;467;430;462;463;443;445;468;443;435;448;467;418;403;462;415;395;441;431;395;459;444;445;445;461;427;448;439;409;430]
[19:47:00 GMT+2;60;418;425;416;437;435;444;416;425;429;426;429;441;430;441;429;430;449;429;456;414;435;431;441;426;413;417;413;430;443;444;435;363;431;417;359;375;345;373;349;420;413;412;415;824;489;502;522;511;504;497;498;516;535;500;487;509;519;519;521;497]
[19:48:00 GMT+2;60;509;500;513;501;503;527;516;496;516;504;514;528;508;502;496;514;501;534;515;516;500;508;519;535;492;535;530;551;542;497;481;500;498;507;496;496;496;496;490;494;496;516;501;488;504;501;500;516;489;497;481;498;497;514;489;497;514;509;487;487]
[19:49:00 GMT+2;60;511;500;485;501;496;496;481;501;496;503;504;483;489;495;511;504;516;490;513;500;503;487;514;530;501;511;521;485;516;494;503;489;491;516;516;518;516;513;509;509;497;496;511;528;516;489;509;501;503;520;509;522;489;509;500;496;528;500;487;516]
[19:50:00 GMT+2;60;488;503;516;522;497;513;529;500;503;500;511;526;530;484;515;516;516;516;514;522;503;502;487;513;494;511;501;514;498;496;535;521;542;500;497;497;497;503;516;521;528;532;515;503;500;515;511;500;514;496;510;494;514;503;503;513;514;513;501;527]
[19:51:00 GMT+2;60;511;516;490;530;518;533;503;503;516;496;521;516;509;501;498;516;500;503;485;528;498;522;501;521;496;513;500;534;520;501;500;498;500;511;501;522;497;494;501;511;497;487;513;511;513;516;513;503;522;489;495;501;516;520;526;487;488;511;490;533]
[19:52:00 GMT+2;60;521;527;516;501;498;516;522;502;487;511;526;511;495;487;496;488;521;509;495;509;504;496;521;518;500;500;503;500;513;496;511;508;530;494;488;503;516;498;536;485;496;492;513;503;497;501;511;498;489;481;495;496;498;516;516;519;504;498;497;511]
[19:53:00 GMT+2;60;500;497;505;535;501;528;508;488;496;511;526;496;520;497;500;503;516;490;490;510;504;500;508;508;520;503;490;516;504;515;489;501;509;515;516;498;503;504;501;510;502;522;509;509;513;519;508;483;503;497;513;501;490;501;503;509;515;482;504;487]
[19:54:00 GMT+2;60;510;511;513;508;489;500;500;496;501;501;489;445;444;521;518;521;501;508;503;490;513;507;491;519;483;487;516;516;487;422;487;496;501;501;485;456;418;490;497;516;485;510;427;516;478;502;498;500;528;535;534;529;521;500;500;487;489;509;509;485]
[19:55:00 GMT+2;60;541;539;530;534;534;520;527;514;1697;1700;1680;1726;1707;1721;1665;1693;1682;1695;1714;1654;1690;1708;1717;1721;1735;1721;1711;1640;1677;1680;1711;1715;1711;1652;1670;1681;1718;1670;1723;1693;1637;1668;1695;1700;1703;1633;1733;1726;1640;1691;1683;1641;1738;1665;1661;1659;1657;1666;1693;1643]
[19:56:00 GMT+2;60;1664;1680;1690;1717;1705;1718;1674;1697;1719;1724;1656;1671;1718;1690;1626;1671;1688;1650;1692;1703;1717;1667;1665;1703;1674;1638;1711;1735;1652;1703;1682;1738;1733;1741;1656;1695;1708;1744;1697;1702;1629;1617;1703;1713;1661;1690;1714;1690;1617;1644;1748;1665;1693;1714;1735;1711;1719;1721;1630;1683]
[19:57:00 GMT+2;60;1682;1667;1684;1681;1665;1700;1684;1723;1644;1680;1652;1654;1670;1703;1700;1693;1713;1641;1633;1695;1642;1664;1682;1707;1707;1665;1664;1644;1659;1695;1733;1650;1659;1681;1711;1654;1637;1680;1681;1726;1652;1659;1638;1693;1657;1693;1723;1654;1674;1654;1651;1683;1707;1714;1679;1702;1677;1652;1671;1705]
[19:58:00 GMT+2;60;1744;1738;1657;1683;1659;1677;1679;1684;828;476;484;489;485;503;502;483;481;484;516;516;500;485;487;496;514;489;500;513;489;483;509;503;500;481;496;489;508;501;485;481;513;500;513;504;501;489;496;520;511;521;477;494;490;515;482;500;490;488;509;497]
[19:59:00 GMT+2;60;489;500;485;482;498;498;516;497;500;494;489;513;491;497;510;495;504;509;511;511;487;496;500;526;444;445;532;1122;1258;1286;1286;1214;1240;1238;1265;1270;1318;1244;1258;1280;1265;1267;1280;1281;1260;1263;1279;1299;1275;1279;1294;1297;1258;1280;1285;1312;1321;1316;1273;1286]
[20:00:00 GMT+2;60;1295;1329;1272;1269;1281;1313;1248;1272;1297;1257;1310;1322;1233;1256;1254;1331;1241;1252;1238;1241;1277;1285;1297;1293;1270;1306;1338;1295;1335;1321;1341;1306;1290;1256;1229;1238;1270;1275;1234;1244;1257;1271;1231;1233;1263;1278;1225;1240;1218;1246;1241;1244;1252;1256;1231;1244;1229;1254;1270;1212]
[20:01:00 GMT+2;60;1220;1229;1495;1524;1498;1491;1533;1539;1479;1509;1551;1526;1518;1548;1480;1479;1492;1524;1490;1503;1498;1536;1480;1483;1478;1513;1498;1498;1535;1575;1535;1533;1540;1556;1548;1560;1537;1522;1491;1507;1538;1526;1524;1581;1586;1499;1511;1537;1560;1549;1562;1548;1491;1521;1507;1534;1538;1534;1531;1548]
[20:02:00 GMT+2;60;1482;1524;1533;1538;1507;1498;1521;1560;1576;1504;1513;1531;1529;1512;1576;1499;1538;1546;1581;1564;1588;1581;1507;1534;1546;1556;1580;1560;1485;1504;1531;1529;1459;1492;1522;1494;1533;1556;1524;1551;1509;1543;1546;1551;1477;1509;1504;1539;1509;1575;1548;1550;1575;1507;1524;1538;1513;1518;1365;1112]
[20:03:00 GMT+2;60;1058;1055;1072;1101;1075;1076;1119;1052;1067;1093;1085;1082;1072;1096;1067;1072;1096;1085;1046;1081;1079;1098;1118;1081;1106;1098;1111;1115;1071;1072;1105;1127;1078;1088;1085;1096;1096;1115;1057;1072;1083;1087;1083;1079;474;456;445;455;456;441;468;456;441;447;455;459;435;440;427;441]
[20:04:00 GMT+2;60;431;437;438;430;437;441;442;437;435;462;448;438;450;385;365;382;389;401;384;389;376;365;370;396;386;367;370;401;388;377;374;376;376;401;387;376;392;395;393;400;376;372;382;400;374;391;387;401;375;377;387;376;377;374;402;376;387;382;377;376]
[20:05:00 GMT+2;60;377;376;373;386;377;374;376;403;388;372;374;388;371;388;380;374;385;379;395;393;389;379;376;376;374;383;376;376;388;385;389;376;383;389;374;388;387;387;386;376;403;392;400;377;388;371;388;384;387;382;377;377;392;395;393;376;377;388;392;385]
[20:06:00 GMT+2;60;370;379;379;388;388;373;370;367;374;374;382;387;387;387;363;393;372;376;376;380;376;374;392;386;370;376;369;385;385;374;404;379;372;379;395;377;370;391;376;376;377;390;370;377;385;383;385;362;386;371;377;377;391;377;404;376;376;361;364;374]
[20:07:00 GMT+2;60;382;371;377;367;377;383;382;382;374;388;374;374;389;383;392;377;365;363;377;385;372;379;361;401;375;382;376;409;390;388;377;400;377;388;377;372;393;375;389;379;403;385;382;393;413;377;389;366;400;387;374;395;405;395;393;376;374;395;371;407]
[20:08:00 GMT+2;60;377;385;389;401;405;387;376;388;377;412;389;389;387;379;388;382;404;387;385;377;377;376;400;387;371;385;367;404;407;377;374;391;395;395;413;363;401;401;391;377;382;382;382;403;371;400;385;387;377;379;417;399;376;400;379;376;387;387;388;373]
[20:09:00 GMT+2;60;395;367;389;385;400;377;361;359;363;360;362;376;379;387;404;403;374;382;373;377;418;388;367;377;375;388;388;363;377;404;389;387;401;395;385;362;380;388;377;388;389;395;376;376;370;392;391;388;413;389;379;400;363;399;395;383;377;388;377;376]
[20:10:00 GMT+2;60;363;400;376;380;400;388;384;393;372;360;403;372;387;404;382;383;383;387;400;413;377;390;372;371;387;396;387;388;389;372;387;360;362;387;373;382;376;370;389;376;371;370;387;377;388;380;383;387;403;367;387;389;387;364;376;365;395;377;391;387]
[20:11:00 GMT+2;60;386;380;388;376;395;376;382;358;373;377;388;388;391;385;362;366;377;376;371;387;377;400;383;380;379;389;391;377;369;382;392;391;395;385;380;382;388;383;382;388;363;373;367;377;402;382;382;370;363;362;386;371;371;382;364;385;367;388;363;377]
[20:12:00 GMT+2;60;377;373;382;373;374;377;363;363;363;370;374;365;370;385;376;401;377;376;382;385;390;372;376;377;367;388;391;377;382;392;400;366;391;360;395;382;376;370;374;370;393;393;387;405;400;403;376;367;384;374;393;377;414;371;363;400;387;367;390;374]
[20:13:00 GMT+2;60;382;382;398;369;372;376;372;388;382;369;388;400;391;385;390;386;363;393;376;390;387;400;379;400;375;395;376;386;388;376;386;370;390;403;370;388;404;382;376;379;391;367;392;360;364;371;376;364;360;380;382;400;395;374;363;382;370;377;389;383]
[20:14:00 GMT+2;60;387;393;386;386;370;388;400;377;370;374;382;365;363;382;379;367;360;374;365;389;374;358;377;365;382;395;407;370;383;387;400;377;395;407;379;380;386;377;392;379;365;395;382;375;371;400;377;395;386;377;379;400;383;392;375;365;388;391;388;380]
[20:15:00 GMT+2;60;400;413;387;407;376;385;376;385;375;412;388;387;414;377;403;407;407;388;371;383;404;403;393;389;388;395;377;395;391;403;372;388;379;370;388;387;391;379;389;388;376;395;385;382;379;399;367;369;385;413;363;382;364;404;393;388;383;389;373;387]
[20:16:00 GMT+2;60;393;383;377;400;379;395;387;388;374;376;377;386;401;407;396;388;388;383;388;369;388;382;386;377;1616;526;448;435;447;429;462;440;439;457;439;439;438;476;469;437;443;448;444;458;448;429;447;444;456;419;420;437;445;456;444;442;430;441;430;433]
[20:17:00 GMT+2;60;441;448;419;441;463;429;420;437;456;435;468;420;445;444;433;429;458;469;437;456;444;428;445;443;422;444;427;458;437;467;429;427;437;422;436;419;429;428;449;417;435;441;427;443;444;422;438;448;441;425;433;448;430;425;416;430;439;461;457;458]
[20:18:00 GMT+2;60;425;413;445;462;429;438;430;450;431;429;456;456;441;430;456;430;445;449;425;443;445;433;425;445;437;413;445;422;458;444;437;450;437;443;427;456;430;456;430;441;433;455;444;404;444;437;429;430;438;425;433;422;449;426;433;456;462;422;418;439]
[20:19:00 GMT+2;60;445;445;440;462;427;467;438;426;448;425;456;457;425;435;457;443;467;437;477;431;435;444;438;431;441;435;444;442;433;442;445;445;456;448;444;470;441;427;419;431;444;445;419;467;440;456;435;438;413;441;433;458;420;461;445;427;461;458;429;438]
[20:20:00 GMT+2;60;462;426;430;419;419;470;482;419;439;430;422;440;1082;488;501;500;520;516;487;526;514;513;497;511;514;497;496;526;485;490;504;503;497;521;497;521;503;485;498;510;513;534;503;503;509;509;501;516;502;507;503;534;488;516;511;503;498;490;515;521]
[20:21:00 GMT+2;60;511;497;497;513;527;511;503;511;513;520;534;483;518;532;516;511;511;515;501;490;511;501;508;514;519;497;535;503;529;515;497;539;513;509;513;494;526;503;520;503;521;510;521;516;520;496;515;522;509;490;480;489;507;497;520;516;497;516;501;534]
[20:22:00 GMT+2;60;490;494;497;511;509;521;513;511;515;516;516;497;509;489;496;521;509;485;507;511;511;509;503;491;489;529;511;522;495;485;501;515;500;496;513;545;521;497;496;515;509;521;497;515;503;489;508;521;501;520;498;495;521;534;511;495;494;504;484;521]
[20:23:00 GMT+2;60;516;527;501;487;516;508;515;521;498;511;504;497;503;509;521;529;516;504;534;527;516;521;497;500;507;502;494;505;504;490;503;534;511;532;515;511;504;522;508;489;522;487;496;509;488;504;521;516;504;511;511;520;494;520;477;503;504;522;522;520]
[20:24:00 GMT+2;60;510;526;522;503;515;529;521;516;503;509;516;541;519;496;515;503;507;487;504;521;496;500;494;503;521;509;489;509;509;518;513;496;504;487;498;509;516;516;510;501;476;501;503;484;515;490;500;516;514;521;494;503;504;502;500;520;489;501;483;503]
[20:25:01 GMT+2;60;491;487;482;522;500;496;483;489;511;503;513;516;520;529;529;523;484;484;501;500;534;533;521;490;501;489;534;511;511;497;489;504;534;511;485;482;482;516;502;489;503;496;500;516;519;510;504;503;511;515;487;487;488;509;516;498;508;513;504;485]
[20:26:00 GMT+2;60;500;500;507;501;504;542;521;489;510;502;503;520;489;482;496;494;515;511;511;497;509;519;501;494;504;489;511;508;513;497;497;508;483;489;521;510;521;503;529;497;521;534;516;535;508;495;501;522;520;491;476;478;484;467;487;469;484;488;494;490]
[20:27:00 GMT+2;60;490;468;485;476;487;487;497;468;483;482;481;488;496;476;490;469;481;485;476;468;497;504;471;485;472;482;477;498;467;463;487;498;488;472;478;485;495;467;462;456;476;487;481;469;467;483;488;469;484;474;456;472;476;489;461;487;489;466;477;498]
[20:28:00 GMT+2;60;487;471;471;481;468;477;504;467;489;469;462;462;476;483;462;471;482;463;477;484;482;461;474;487;472;471;487;474;470;467;469;471;481;488;500;481;485;481;488;483;471;471;474;495;481;485;482;462;470;477;469;481;482;470;469;488;508;468;465;472]
[20:29:00 GMT+2;60;482;476;481;496;481;468;509;481;481;478;476;468;467;477;462;474;467;490;456;467;489;474;456;491;488;476;476;461;476;469;480;466;457;477;470;467;496;474;474;469;513;469;494;482;482;489;498;465;465;472;476;487;477;481;470;482;487;476;471;477]
[20:30:00 GMT+2;60;470;471;471;461;474;478;483;489;468;481;465;482;472;462;481;474;487;469;469;474;468;471;483;484;474;476;483;471;485;476;477;467;467;489;477;476;462;458;476;494;490;471;474;474;467;465;471;474;476;469;461;483;497;466;482;484;477;461;477;467]
[20:31:00 GMT+2;60;485;490;476;482;487;485;477;494;469;474;468;469;496;500;484;487;491;474;482;497;469;477;477;484;458;461;468;468;470;476;476;468;468;470;483;468;471;487;490;487;488;463;477;483;474;466;456;462;476;481;483;471;456;469;462;476;485;471;469;494]
[20:32:00 GMT+2;60;466;503;489;474;470;481;500;467;476;482;485;461;468;469;471;489;490;467;502;463;469;496;469;487;497;461;482;496;496;476;485;481;489;497;458;482;489;470;497;500;476;485;489;468;485;481;485;462;485;462;481;482;471;476;465;490;482;468;468;472]
[20:33:00 GMT+2;60;490;466;474;476;496;514;476;466;467;482;481;477;462;471;481;471;488;487;495;468;468;469;487;472;500;470;468;488;470;483;471;495;481;476;481;476;489;471;476;481;480;481;483;495;496;474;500;468;481;496;487;502;469;483;474;477;461;467;496;489]
[20:34:00 GMT+2;60;472;468;481;471;483;467;463;500;482;467;461;490;481;483;476;470;469;487;490;485;470;482;464;478;476;477;457;463;470;456;458;445;467;465;487;484;476;462;477;501;496;462;469;477;490;487;481;474;481;465;465;469;482;448;468;474;477;471;481;476]
[20:35:00 GMT+2;60;462;487;457;474;462;467;485;481;467;449;463;458;468;471;490;474;485;474;494;471;482;461;462;476;476;468;491;476;483;469;482;474;503;500;490;462;468;476;487;462;462;467;482;468;471;485;476;471;474;465;483;445;450;468;467;467;478;469;467;462]
[20:36:00 GMT+2;60;477;468;470;496;471;485;457;472;476;501;482;481;494;485;481;482;485;489;487;476;483;487;410;420;413;417;420;417;415;429;414;407;403;427;427;404;413;411;423;395;415;430;403;395;395;407;407;417;405;409;409;415;426;420;426;425;404;413;418;413]
[20:37:00 GMT+2;60;404;422;444;392;413;413;395;395;400;417;407;427;391;415;413;426;422;395;418;413;407;413;420;409;418;439;429;419;425;407;445;403;420;435;404;409;420;424;440;413;417;426;429;430;425;417;419;419;419;420;404;430;416;430;413;419;402;415;413;429]
[20:38:00 GMT+2;60;436;419;425;427;440;430;417;420;440;395;429;429;413;401;405;435;435;433;430;413;425;417;425;444;409;405;430;425;435;409;420;413;413;439;416;420;429;417;414;428;413;437;458;443;422;407;427;415;448;409;334;413;415;424;429;422;419;413;427;430]
[20:39:00 GMT+2;60;413;420;403;395;401;409;437;413;430;396;407;403;416;435;430;395;400;412;415;415;420;419;422;429;415;428;444;436;415;405;422;413;430;337;392;419;440;409;441;416;413;419;413;445;429;419;413;445;420;409;416;419;413;409;439;425;420;405;430;433]
[20:40:00 GMT+2;60;417;395;417;389;393;433;444;418;420;419;420;405;419;401;407;413;413;419;430;427;411;401;419;420;407;420;403;409;430;429;405;415;425;407;407;407;443;407;395;403;400;413;414;415;407;413;401;415;419;401;403;400;400;427;417;419;399;425;413;400]
[20:41:00 GMT+2;60;400;419;441;411;404;338;345;407;417;430;392;413;407;407;401;403;413;404;420;415;409;409;404;417;400;403;413;425;418;435;404;422;400;402;407;419;445;414;414;419;429;420;422;402;402;422;416;425;399;416;349;360;435;391;405;413;425;404;400;417]
[20:42:00 GMT+2;60;404;401;419;425;419;407;407;418;413;393;419;419;420;388;413;422;422;388;407;413;419;401;407;413;430;401;427;437;422;405;401;413;413;409;351;437;433;418;416;405;429;425;414;444;427;407;402;396;436;407;417;424;395;415;417;425;448;415;433;413]
[20:43:00 GMT+2;60;422;430;395;425;422;409;403;419;427;431;395;429;437;407;428;443;430;420;413;424;438;419;389;404;412;429;403;413;429;427;440;414;400;415;429;401;418;445;431;413;429;441;431;414;403;413;435;429;407;415;415;429;443;413;440;413;407;400;404;407]
[20:44:00 GMT+2;60;442;413;401;429;422;419;422;425;405;422;415;420;429;431;404;401;427;431;416;413;409;407;456;430;417;417;425;456;435;415;427;429;363;350;407;416;419;428;427;444;418;426;413;428;401;427;430;413;409;413;427;395;413;419;407;425;427;429;407;433]
[20:45:00 GMT+2;60;407;412;413;404;413;425;401;413;412;422;425;412;351;425;417;420;409;445;439;430;413;422;415;429;425;415;417;448;429;425;422;416;430;436;419;427;420;415;403;417;422;458;425;449;427;440;435;422;412;407;425;413;422;419;424;414;428;409;413;436]
[20:46:01 GMT+2;60;429;425;425;413;395;424;429;441;413;427;431;419;425;420;435;427;419;426;436;417;427;430;418;435;419;404;413;444;417;405;404;413;420;419;429;443;418;419;441;430;427;426;419;440;413;439;430;395;403;413;456;431;436;407;419;404;420;415;425;419]
[20:47:00 GMT+2;60;415;414;431;431;407;445;431;416;417;431;445;411;426;417;413;429;414;422;422;437;430;413;437;422;419;416;413;428;430;415;458;416;430;429;418;422;441;413;409;429;448;435;429;425;413;443;427;372;407;401;420;444;444;425;425;444;402;427;437;431]
[20:48:00 GMT+2;60;414;404;424;419;441;428;429;413;415;443;404;395;418;444;413;422;437;405;444;419;419;412;441;437;419;444;425;413;456;462;429;427;449;436;436;431;429;443;420;427;445;420;441;409;431;462;444;444;425;429;429;401;413;413;445;420;416;351;353;416]
[20:49:00 GMT+2;60;435;430;431;448;430;415;407;439;429;409;416;437;411;430;431;445;458;458;430;440;470;482;456;456;450;456;467;467;459;439;413;459;474;436;445;393;474;439;462;472;448;442;430;467;433;461;450;445;448;476;440;457;466;481;468;458;447;445;448;472]
[20:50:00 GMT+2;60;444;448;457;458;456;376;429;448;444;483;435;436;443;436;436;429;417;427;444;427;467;445;433;458;430;419;425;467;463;437;444;447;472;461;363;456;444;462;440;483;469;476;431;443;456;469;467;458;439;461;444;457;462;439;433;422;447;430;441;436]
[20:51:01 GMT+2;60;439;461;448;463;445;465;431;450;445;476;428;427;436;430;420;430;469;468;444;445;462;456;461;470;476;461;444;457;456;431;426;453;462;468;445;447;461;447;456;441;478;462;444;467;445;462;430;435;465;461;456;443;445;456;463;430;440;447;413;419]
[20:52:00 GMT+2;60;425;418;422;429;407;429;419;425;419;427;413;425;418;382;417;426;413;413;439;430;405;413;459;420;425;419;420;426;445;425;429;1576;489;474;484;500;482;494;496;481;483;489;511;502;503;476;492;481;489;485;487;500;482;500;511;496;476;489;500;487]
[20:53:00 GMT+2;60;494;494;470;488;509;490;485;485;429;430;444;469;461;467;445;435;429;436;448;456;462;433;455;438;458;444;439;444;439;443;487;430;436;430;444;469;465;437;431;436;468;449;435;445;456;425;458;449;427;425;439;436;445;449;359;427;445;431;462;449]
[20:54:00 GMT+2;60;428;427;431;444;442;456;440;429;435;448;430;427;435;437;425;450;441;443;429;425;430;444;467;429;430;443;448;417;449;431;444;447;425;417;436;461;420;425;450;448;433;458;441;456;429;442;437;426;440;429;420;431;450;437;440;471;436;468;461;474]
[20:55:00 GMT+2;60;443;437;445;430;444;435;456;444;437;463;444;427;435;471;462;425;429;427;448;437;458;427;430;438;429;431;433;417;442;462;445;456;456;443;445;444;476;430;425;429;420;462;447;427;469;440;450;435;445;436;469;462;443;444;466;427;435;426;433;433]
[20:56:00 GMT+2;60;430;442;427;430;441;458;444;430;444;444;443;435;426;418;435;442;472;439;444;431;468;437;459;456;437;439;437;435;431;442;433;436;442;439;429;438;441;444;468;441;448;445;425;431;441;426;447;450;424;462;431;467;442;456;458;447;440;437;458;435]
[20:57:00 GMT+2;60;441;431;445;429;462;441;441;443;440;455;440;445;445;467;425;429;445;438;425;467;468;458;462;444;457;462;456;448;440;456;445;438;471;429;437;439;417;430;450;443;429;443;458;429;442;471;448;437;462;470;459;439;426;448;440;413;431;417;422;435]
[20:58:00 GMT+2;60;437;459;429;461;435;429;433;445;444;422;429;430;455;445;445;420;437;467;467;439;437;441;437;437;463;429;431;437;429;435;467;420;437;439;476;444;474;425;425;431;443;449;420;439;431;471;425;443;467;444;443;444;439;456;468;440;447;439;444;437]
[20:59:00 GMT+2;60;441;433;422;431;416;449;450;427;435;442;437;430;429;413;428;430;445;456;462;456;422;450;436;458;430;445;443;455;449;424;435;444;430;443;431;435;429;418;429;427;461;441;425;430;441;441;445;426;441;429;420;439;462;468;430;420;440;467;441;422]
[21:00:00 GMT+2;60;435;437;439;461;428;422;461;439;420;441;426;427;417;438;468;437;444;458;455;418;441;445;425;430;442;445;439;425;429;415;422;443;418;444;417;438;429;431;443;418;431;428;426;429;431;441;430;433;443;468;444;457;430;444;444;456;442;425;431;431]
[21:01:00 GMT+2;60;436;449;443;420;442;445;467;440;429;433;448;441;430;435;440;425;424;430;429;456;430;438;458;430;456;448;437;430;435;429;427;435;431;419;416;455;422;457;439;444;425;445;443;438;425;445;435;415;418;431;426;463;425;435;430;422;442;448;431;431]
[21:02:00 GMT+2;60;431;439;419;427;441;445;417;439;429;425;431;441;420;419;449;429;436;461;414;429;430;463;437;435;419;418;457;430;417;431;457;425;429;439;437;444;424;461;429;444;430;422;459;425;424;436;437;450;435;431;418;439;430;436;431;437;420;436;429;441]
[21:03:00 GMT+2;60;447;435;431;430;414;425;429;443;449;413;429;436;440;431;443;443;436;448;435;422;439;429;426;422;442;420;425;435;444;462;435;431;456;443;425;427;422;422;461;445;456;430;418;433;449;433;425;415;441;447;424;436;456;431;436;438;420;422;429;435]
[21:04:00 GMT+2;60;416;445;442;411;438;456;429;456;450;420;439;439;448;442;431;429;429;433;448;431;437;430;439;467;439;456;429;468;430;420;413;413;429;428;444;417;429;444;429;442;457;441;425;429;430;428;416;420;419;422;439;422;422;418;439;420;429;444;435;441]
[21:05:00 GMT+2;60;443;427;468;431;429;431;435;437;425;444;435;433;441;458;426;445;458;465;447;459;425;418;455;435;427;428;430;429;445;425;437;429;435;440;458;417;444;430;413;430;435;440;431;445;433;420;433;425;430;429;442;429;456;458;425;439;427;477;445;438]
[21:06:00 GMT+2;60;433;447;444;437;481;471;458;457;437;424;441;440;441;427;419;431;439;462;439;461;441;437;458;462;437;435;445;441;436;462;428;429;462;419;442;431;414;437;429;439;431;439;462;466;431;459;429;447;470;440;429;430;442;447;424;419;439;476;472;441]
[21:07:00 GMT+2;60;462;456;439;435;477;430;436;469;436;435;417;429;430;437;429;441;439;457;419;462;445;463;436;420;467;428;445;437;439;430;461;420;467;441;427;443;457;456;425;427;476;468;429;459;461;426;468;458;439;456;435;437;419;433;424;419;467;477;441;436]
[21:08:00 GMT+2;60;430;430;392;379;409;382;389;392;388;387;391;392;379;373;379;377;409;377;393;403;402;391;377;402;374;380;391;376;401;387;382;373;389;367;373;387;377;401;377;400;392;407;373;403;420;375;400;399;417;383;388;380;407;373;388;413;391;389;388;403]
[21:09:00 GMT+2;60;383;379;401;387;419;393;391;382;386;377;422;400;419;404;372;404;388;386;383;367;385;377;388;385;393;371;392;369;415;396;377;387;388;380;379;403;388;409;374;376;380;376;376;391;416;407;391;387;389;372;395;402;363;369;376;371;377;388;373;405]
[21:10:00 GMT+2;60;400;389;413;376;398;391;387;377;373;379;401;367;387;388;376;376;400;407;388;400;395;391;367;386;401;391;393;401;374;382;383;389;393;389;374;403;382;402;405;380;377;372;401;388;395;392;382;374;377;387;376;392;376;429;377;407;373;395;386;388]
[21:11:00 GMT+2;60;388;372;372;387;388;401;388;320;281;247;226;235;245;235;226;237;238;235;238;224;223;221;238;236;253;235;250;226;238;226;236;227;236;225;242;240;240;231;281;276;300;283;304;290;291;295;282;237;236;232;236;226;247;232;228;226;218;223;251;260]
[21:12:00 GMT+2;60;223;240;236;237;241;222;232;237;250;221;237;242;231;237;240;237;239;250;253;239;225;225;255;257;267;268;259;237;238;247;247;277;264;279;264;264;264;272;404;307;296;294;294;319;319;318;292;310;294;304;304;293;306;296;262;270;250;259;275;267]
[21:13:00 GMT+2;60;269;262;294;247;281;270;276;265;270;247;247;253;264;256;267;256;267;265;262;259;264;268;276;297;259;281;294;279;259;260;266;264;276;264;262;259;256;255;265;270;264;270;270;282;260;320;307;320;297;295;307;302;324;302;310;309;317;314;320;307]
[21:14:00 GMT+2;60;329;294;304;308;295;310;295;275;273;255;251;265;270;279;269;291;256;270;265;278;283;270;247;254;256;282;250;256;267;253;267;250;245;244;253;254;269;265;254;265;251;259;265;262;258;278;268;269;269;251;242;259;242;269;255;239;250;257;251;270]
[21:15:00 GMT+2;60;269;256;257;256;262;255;264;239;256;253;251;251;236;240;245;247;246;245;245;269;273;270;264;273;260;250;272;275;236;218;218;210;223;219;226;221;239;212;224;223;225;218;238;224;235;225;251;245;232;276;300;300;291;276;270;273;278;295;308;294]
[21:16:00 GMT+2;60;283;307;282;300;282;284;297;281;279;282;279;280;279;269;276;276;282;447;1504;1460;1457;1477;1467;1507;1446;1456;1440;1467;1484;1483;1438;1456;1497;1430;1418;1426;1449;1473;1479;1427;1457;1450;1453;1472;1482;1424;1467;1479;1499;1490;1498;1425;1451;1477;1466;1415;1430;1437;1457;1460]
[21:17:00 GMT+2;60;1483;1482;1490;1445;1458;1437;1472;1460;1486;1437;1467;1486;1479;1457;1488;1433;1437;1467;1498;1426;1440;1420;1445;1437;1451;1470;1498;1466;1490;1451;1472;1445;1460;1451;1466;1437;1464;1477;1466;1494;1425;1490;1453;1377;270;295;282;281;294;281;294;291;276;276;300;283;289;293;291;277]
[21:18:00 GMT+2;60;282;293;278;289;282;294;291;308;292;293;283;297;284;299;238;250;235;240;251;262;253;238;236;227;253;226;232;247;237;231;219;240;218;226;238;225;225;213;237;226;238;255;237;240;226;256;222;225;226;226;225;235;226;238;222;244;232;213;212;226]
[21:19:00 GMT+2;60;210;218;218;227;242;235;226;222;212;238;212;224;239;221;235;209;208;218;212;209;226;218;213;216;228;213;217;235;218;224;217;218;236;217;244;234;218;222;222;217;218;212;237;242;217;232;227;219;222;226;225;240;232;223;226;238;226;237;224;214]
[21:20:00 GMT+2;60;212;232;227;234;238;238;223;221;217;225;226;240;221;212;237;234;226;227;237;236;213;227;240;216;238;224;236;223;227;226;227;217;227;208;213;226;225;221;218;223;224;236;216;213;213;223;218;212;234;234;221;236;226;291;293;294;254;280;256;267]
[21:21:00 GMT+2;60;264;267;292;276;281;264;269;269;259;268;281;269;277;270;293;266;268;269;267;276;276;265;276;281;259;281;279;277;256;263;255;257;267;273;266;281;276;282;264;280;262;267;270;273;270;270;264;293;267;292;265;259;267;270;279;283;268;257;262;273]
[21:22:01 GMT+2;60;264;282;267;266;278;281;276;279;277;269;283;281;251;263;263;264;267;276;269;282;260;256;272;259;265;265;262;263;281;255;256;270;268;269;259;277;269;267;280;283;275;262;262;269;281;264;270;267;257;264;262;262;278;265;264;282;265;278;279;265]
[21:23:00 GMT+2;60;255;265;264;268;281;262;275;272;293;276;256;260;259;281;273;279;270;291;269;250;251;270;265;264;270;264;281;267;289;269;256;275;264;262;268;270;264;282;265;256;250;266;264;278;276;262;268;270;282;276;276;279;279;273;276;264;270;296;270;281]
[21:24:00 GMT+2;60;277;276;269;270;269;263;270;269;268;267;252;277;262;282;276;358;338;335;330;331;333;332;330;329;322;332;351;335;360;345;318;323;336;330;326;332;338;347;345;334;337;338;331;345;357;332;323;320;332;326;326;337;329;338;352;338;350;338;350;336]
[21:25:00 GMT+2;60;322;345;351;322;348;326;347;334;318;317;334;331;338;347;334;326;325;338;326;320;324;338;329;333;335;330;317;329;336;326;332;329;319;335;320;332;320;326;323;320;333;320;324;326;320;322;319;307;316;304;330;332;330;329;319;320;334;320;312;320]
[21:26:00 GMT+2;60;325;307;326;321;320;320;326;323;320;332;319;325;311;323;329;304;314;316;331;318;324;326;322;330;332;310;307;318;318;323;317;306;318;319;321;326;323;321;316;319;322;312;320;314;332;318;318;312;324;320;322;329;332;331;326;326;312;318;321;325]
[21:27:00 GMT+2;60;317;332;326;324;324;330;331;325;326;319;310;319;309;311;324;324;323;334;338;350;329;329;334;324;311;321;336;310;324;322;319;308;326;326;320;321;329;334;307;319;319;307;318;320;322;316;319;311;318;317;319;326;314;304;307;318;310;306;310;323]
[21:28:00 GMT+2;60;311;320;326;326;320;329;320;324;318;332;316;314;319;321;320;319;318;319;310;322;326;321;319;326;319;319;317;331;312;308;309;320;304;307;319;312;325;332;322;322;320;322;329;331;332;329;320;319;320;323;322;320;317;324;319;332;320;316;319;311]
[21:29:01 GMT+2;60;326;320;329;324;332;323;319;332;329;317;314;314;330;329;332;329;321;308;320;308;326;320;334;316;320;324;320;322;320;320;310;310;318;322;320;306;307;312;319;307;310;325;308;318;322;334;320;322;307;323;320;330;318;319;322;319;322;318;320;309]
[21:30:00 GMT+2;60;305;318;320;330;312;316;321;325;314;312;318;321;316;309;317;320;322;319;320;324;319;320;320;324;323;333;318;307;318;318;319;308;311;316;329;304;316;316;318;311;314;297;318;320;320;322;325;309;320;317;332;319;322;320;320;305;300;319;322;319]
[21:31:00 GMT+2;60;308;311;299;308;309;316;316;310;324;309;314;318;312;304;317;318;306;319;320;331;310;318;320;331;316;316;321;319;311;329;316;325;330;311;317;314;320;324;307;310;314;316;312;300;300;329;321;322;304;308;300;308;309;325;316;306;326;318;317;316]
[21:32:00 GMT+2;60;323;318;320;318;322;326;318;309;323;326;334;324;318;308;330;326;318;320;322;326;331;330;317;320;329;323;334;316;318;323;330;314;320;320;322;318;319;320;329;326;314;308;317;307;307;307;308;300;310;309;324;310;317;300;312;316;306;304;308;310]
[21:33:00 GMT+2;60;318;308;318;306;316;314;310;321;310;310;325;308;314;317;317;318;322;329;304;316;320;321;317;318;304;324;312;307;317;316;316;318;322;307;308;316;318;312;326;319;318;310;307;319;324;310;318;324;317;316;318;307;319;310;308;317;312;319;316;320]
[21:34:00 GMT+2;60;314;297;308;316;319;309;316;318;316;307;308;314;322;321;324;311;318;312;305;308;318;312;319;326;311;307;296;308;312;317;314;304;309;318;319;312;318;306;305;304;317;310;318;317;320;308;316;319;320;329;326;319;308;322;323;326;326;310;309;318]
[21:35:00 GMT+2;60;323;314;307;307;321;325;321;312;310;314;311;316;320;305;317;320;318;322;307;311;307;319;322;319;320;294;316;320;320;310;304;307;312;319;333;302;308;314;302;316;312;307;307;310;325;311;318;297;309;310;318;307;326;318;308;308;309;316;307;306]
[21:36:00 GMT+2;60;308;310;304;294;307;312;318;308;295;306;314;312;296;308;311;318;314;308;307;308;318;311;309;317;296;309;307;313;317;307;307;311;322;310;307;307;310;318;318;324;306;308;312;307;312;314;304;311;309;318;314;318;311;308;318;316;317;312;311;307]
[21:37:01 GMT+2;60;307;307;304;307;307;307;312;312;306;308;308;304;307;307;306;294;310;311;307;319;318;297;314;321;319;307;307;312;316;324;311;307;300;316;326;308;312;319;319;310;320;320;307;312;314;318;310;314;318;310;306;309;316;307;311;309;307;296;311;310]
[21:38:00 GMT+2;60;310;306;312;307;318;307;304;308;318;319;318;309;307;308;310;317;311;307;307;307;317;314;316;318;300;308;304;317;319;318;316;310;317;318;314;314;318;307;304;308;310;314;317;314;294;294;307;311;296;297;311;305;302;307;295;302;308;309;311;320]
[21:39:00 GMT+2;60;326;320;318;306;319;316;307;312;325;318;307;300;295;316;317;297;304;307;310;302;307;318;300;300;302;296;300;314;294;308;307;238;242;249;242;244;247;240;239;237;245;246;239;240;255;247;251;253;253;244;251;249;247;243;245;235;240;246;240;250]
[21:40:00 GMT+2;60;249;240;250;252;252;249;251;246;240;246;245;254;239;251;249;241;251;251;258;240;241;252;240;254;240;241;254;253;256;256;236;250;256;241;238;253;239;247;247;256;250;246;255;252;246;245;238;244;251;255;244;251;232;245;255;251;242;245;238;239]
[21:41:00 GMT+2;60;250;245;243;245;244;237;245;238;244;239;240;238;251;251;247;245;246;238;254;238;232;247;247;251;249;240;236;251;245;243;240;237;251;240;255;245;245;245;247;238;244;249;240;246;251;251;238;244;247;238;251;257;250;236;240;237;242;240;251;259]
[21:42:00 GMT+2;60;235;238;227;245;242;237;245;249;240;254;247;247;246;238;247;252;250;247;242;245;250;238;236;235;226;240;245;249;238;240;239;245;238;255;238;245;250;250;242;250;247;247;253;253;254;251;251;242;246;251;255;247;250;244;256;242;247;253;241;255]
[21:43:00 GMT+2;60;247;252;245;246;244;242;256;253;250;250;256;241;249;245;238;253;255;251;237;251;245;247;250;245;245;240;240;251;246;255;234;254;251;249;256;262;246;246;236;250;246;238;235;251;244;242;251;255;245;238;245;251;247;253;255;240;242;245;239;245]
[21:44:00 GMT+2;60;254;247;255;238;242;238;245;250;238;245;244;252;237;247;242;237;247;247;254;257;238;239;250;246;247;238;235;250;247;247;239;249;240;245;251;250;251;245;247;239;250;247;247;232;239;238;253;245;226;246;245;245;240;235;245;237;244;236;235;245]
[21:45:00 GMT+2;60;245;238;241;242;240;240;246;240;251;240;245;249;249;245;244;251;247;239;247;249;254;251;245;245;239;240;236;250;244;246;242;239;237;240;239;250;235;240;253;243;256;242;232;240;244;246;240;240;234;247;238;250;240;240;232;250;245;239;240;247]
[21:46:00 GMT+2;60;253;242;250;247;241;238;240;249;242;251;242;240;235;247;251;251;245;226;244;247;237;242;238;238;240;255;245;249;238;241;238;254;235;238;237;226;250;237;238;240;227;245;242;246;237;237;238;244;242;240;245;245;250;241;235;235;235;242;246;253]
[21:47:01 GMT+2;60;240;245;240;238;242;240;242;244;245;235;242;241;256;247;242;246;238;232;250;251;255;247;262;265;251;262;245;246;260;252;235;238;246;250;250;253;237;251;232;251;254;238;246;251;259;250;241;244;244;242;251;240;236;238;242;247;225;242;238;242]
[21:48:00 GMT+2;60;246;227;238;245;226;238;245;242;245;246;231;242;238;236;250;236;232;232;237;251;246;250;225;235;249;238;237;237;245;205;195;192;203;200;200;200;194;208;194;202;204;201;208;204;198;199;196;208;210;204;198;201;194;203;203;198;201;194;199;194]
[21:49:00 GMT+2;60;203;194;186;198;191;200;194;191;192;194;189;191;196;200;199;204;199;194;198;199;200;196;197;189;200;205;192;196;191;187;200;189;203;194;199;194;190;201;192;198;200;194;195;191;209;194;195;194;200;198;203;198;196;200;195;194;195;206;198;194]
[21:50:00 GMT+2;60;210;205;196;194;206;208;203;195;194;199;206;206;192;194;192;205;205;191;194;199;203;199;191;197;196;204;194;196;197;195;194;198;209;196;203;199;206;195;200;194;206;186;202;198;192;191;192;197;194;195;202;205;206;198;197;186;202;197;206;209]
[21:51:00 GMT+2;60;208;194;205;194;202;209;198;197;197;192;202;203;196;223;210;211;205;294;307;304;297;302;307;308;297;302;304;299;307;305;294;300;300;300;295;306;307;294;297;307;309;297;297;293;294;310;311;294;294;306;294;305;307;289;295;298;300;294;300;289]
[21:52:00 GMT+2;60;295;294;300;304;283;294;294;300;289;293;294;297;293;294;294;300;292;293;297;300;289;291;294;295;292;293;291;297;294;292;294;281;289;282;278;282;289;300;277;280;291;294;282;291;283;293;295;294;306;280;281;294;306;306;307;307;282;296;299;304]
[21:53:00 GMT+2;60;290;300;295;297;289;282;293;304;300;304;297;300;291;296;307;305;304;282;294;282;300;282;282;289;291;294;304;290;282;300;305;282;292;293;307;282;291;293;282;294;295;289;281;300;283;294;291;295;276;293;294;290;293;300;283;289;282;297;297;297]
[21:54:01 GMT+2;60;302;291;282;282;295;292;281;290;293;293;295;291;292;293;296;306;298;282;289;284;294;304;291;295;293;297;293;279;307;283;294;294;300;293;292;297;294;280;291;292;302;306;302;295;282;294;295;299;282;294;289;294;294;282;294;295;294;294;307;292]
[21:55:00 GMT+2;60;295;282;294;294;282;294;282;294;302;281;289;291;291;294;294;293;292;294;295;283;297;283;292;294;293;295;297;282;282;294;294;282;289;282;294;292;298;292;293;289;280;294;294;295;291;291;369;358;361;369;376;377;376;365;359;362;367;367;348;362]
[21:56:00 GMT+2;60;365;354;353;358;363;363;353;360;365;360;365;362;367;379;351;358;366;374;361;365;374;363;363;375;372;367;367;369;372;356;359;372;376;360;361;369;371;360;362;369;372;376;361;372;360;351;360;371;358;360;367;370;371;371;369;353;369;376;369;372]
[21:57:00 GMT+2;60;372;364;367;366;377;379;376;364;367;376;376;376;362;373;362;367;365;366;377;373;374;359;363;362;372;374;374;372;350;351;357;364;353;359;358;362;367;367;375;364;365;361;365;365;338;358;361;370;365;377;362;375;362;371;371;373;359;359;361;353]
[21:58:00 GMT+2;60;359;363;371;350;359;363;366;359;364;370;365;359;363;362;363;352;358;365;358;360;367;370;359;367;370;352;358;363;356;359;365;353;360;362;371;376;362;360;359;365;366;360;366;351;351;377;350;358;364;366;351;370;365;377;362;366;372;369;367;365]
[21:59:00 GMT+2;60;363;360;353;356;362;363;377;350;366;371;374;360;367;362;365;363;360;360;360;358;358;350;353;358;363;349;363;359;358;360;366;359;358;358;366;362;362;372;365;353;359;359;359;370;371;376;365;365;372;364;376;376;387;365;369;369;365;375;367;363]
[22:00:00 GMT+2;60;379;364;353;377;376;362;367;367;373;370;379;376;363;367;374;370;373;364;360;374;365;363;353;359;360;358;359;362;363;370;356;371;363;374;373;363;364;362;363;361;362;358;359;372;359;347;367;362;350;353;359;363;364;362;365;375;360;361;364;366]
[22:01:00 GMT+2;60;374;353;362;361;374;374;362;360;373;367;359;358;363;364;366;362;359;362;365;350;364;364;367;360;358;365;372;372;377;376;360;363;372;375;361;365;364;362;364;370;371;358;358;382;364;373;370;367;364;375;377;379;387;364;374;376;382;377;377;374]
[22:02:00 GMT+2;60;376;372;362;375;363;362;363;365;385;362;360;360;358;361;361;371;383;358;359;376;362;367;371;374;362;370;367;382;376;359;374;369;359;358;374;363;359;367;374;363;358;361;360;367;372;360;365;365;359;361;365;359;365;360;371;372;351;359;360;374]
[22:03:00 GMT+2;60;359;367;372;360;360;362;366;370;364;363;363;360;367;365;350;359;359;359;364;361;367;360;359;359;363;364;365;370;359;364;372;370;375;363;365;374;377;370;372;382;359;362;362;372;376;379;360;373;370;382;362;363;359;359;369;362;363;365;358;362]
[22:04:00 GMT+2;60;367;365;356;361;362;351;358;362;352;358;372;363;373;365;351;353;359;360;349;351;361;353;351;367;366;351;353;358;360;369;351;360;362;351;350;350;349;363;369;349;351;361;349;353;359;347;347;352;350;349;363;363;353;358;351;358;358;363;362;358]
[22:05:00 GMT+2;60;374;356;363;359;363;349;359;353;362;349;363;365;367;375;353;361;363;365;363;377;359;374;376;377;376;364;369;358;359;363;363;365;369;352;363;371;358;361;353;359;367;363;374;360;361;370;362;365;358;359;374;360;351;353;345;360;352;349;358;351]
[22:06:00 GMT+2;60;360;347;358;361;351;352;353;350;358;351;361;350;359;359;358;349;348;359;365;350;350;350;345;360;360;370;362;349;358;366;352;360;363;372;360;358;365;362;363;349;360;363;365;369;358;363;353;354;362;375;364;361;350;357;365;362;351;349;348;351]
[22:07:00 GMT+2;60;359;358;367;365;370;363;351;361;351;359;358;363;365;347;351;338;350;350;359;363;353;366;348;338;358;354;353;349;336;338;347;336;345;351;350;347;359;353;338;336;351;349;347;353;334;334;351;362;348;349;331;338;338;332;335;337;338;332;338;326]
[22:08:00 GMT+2;60;329;326;334;336;334;326;336;323;333;338;347;347;345;351;333;333;338;338;345;348;348;331;331;336;347;326;332;334;338;350;350;333;337;345;337;338;338;329;334;332;332;345;349;333;345;338;351;338;345;338;345;338;345;334;332;333;345;334;336;332]
[22:09:00 GMT+2;60;338;333;334;334;331;329;332;338;348;351;332;334;336;347;337;333;337;344;348;332;332;334;336;338;331;202;204;206;200;196;202;195;203;201;195;205;206;200;200;200;208;201;198;206;199;205;212;212;203;202;200;206;204;208;194;200;210;206;194;206]
[22:10:00 GMT+2;60;203;198;206;196;209;204;194;196;191;203;194;192;194;191;191;198;189;195;189;194;200;196;192;191;194;198;191;196;194;194;194;186;189;181;184;191;186;190;182;181;196;203;204;189;189;196;129;141;140;133;132;136;134;136;132;129;134;127;134;134]
[22:11:00 GMT+2;60;143;127;131;134;144;136;128;132;128;132;126;134;132;134;134;126;130;124;140;127;136;133;140;134;134;141;133;133;136;126;132;130;123;127;127;126;134;128;130;126;136;126;123;127;131;137;128;136;134;136;135;126;143;133;132;127;149;135;126;132]
[22:12:00 GMT+2;60;127;132;136;129;137;135;136;136;129;136;130;124;136;130;140;134;135;136;138;136;132;126;132;135;128;128;136;128;128;140;129;154;136;137;140;143;143;137;129;138;147;138;134;138;128;136;136;136;127;137;135;124;136;133;128;134;122;122;133;133]
[22:13:00 GMT+2;60;135;143;129;136;143;134;133;141;133;132;129;136;129;136;136;133;124;140;136;146;140;136;141;136;141;133;133;136;129;128;137;137;134;136;133;141;126;134;134;127;129;137;147;137;127;136;130;132;137;136;142;136;136;155;141;140;136;133;137;126]
[22:14:00 GMT+2;60;122;129;123;122;129;124;136;115;132;133;124;133;131;133;132;131;127;132;132;143;137;131;126;130;132;129;134;127;143;136;134;128;127;135;137;134;132;134;141;136;134;138;140;133;141;129;135;127;127;133;133;140;137;137;136;140;134;140;143;136]
[22:15:00 GMT+2;60;134;143;140;141;142;137;140;140;136;137;127;127;138;128;122;132;127;130;126;134;122;129;133;122;140;140;132;133;130;135;130;136;132;132;138;140;142;130;134;136;137;142;136;132;133;140;143;135;133;142;132;128;133;127;147;136;133;142;124;128]
[22:16:00 GMT+2;60;136;134;143;141;127;143;129;143;134;126;123;129;134;127;127;141;122;140;136;134;142;136;134;129;133;129;122;130;126;122;127;124;121;129;131;120;134;132;144;134;126;136;129;143;136;129;147;134;143;132;133;136;134;142;127;137;127;138;123;144]
[22:17:00 GMT+2;60;136;137;134;132;140;131;143;183;134;134;137;134;149;136;127;148;136;149;966;226;237;226;232;226;253;235;218;227;210;225;209;206;210;221;209;218;211;208;203;196;204;194;199;199;194;201;191;196;199;208;198;191;210;195;200;189;209;208;194;210]
[22:18:01 GMT+2;60;195;199;206;191;194;206;199;206;191;202;213;196;206;189;199;191;194;210;195;198;213;198;184;196;217;201;196;198;194;191;198;196;197;211;205;191;203;197;196;206;198;198;201;198;212;197;210;189;186;186;196;196;198;194;196;197;185;198;191;194]
[22:19:00 GMT+2;60;190;198;201;184;196;200;192;204;195;199;206;203;191;184;185;192;209;196;196;200;191;204;196;198;198;205;200;194;194;191;199;194;194;205;197;183;191;181;194;200;186;196;197;191;204;192;203;192;189;191;198;206;197;190;192;195;197;195;189;184]
[22:20:00 GMT+2;60;201;191;194;189;194;189;182;187;194;203;201;194;195;206;203;196;191;189;194;194;198;196;192;191;189;194;189;200;194;201;208;197;204;192;197;194;197;192;186;190;183;194;196;203;194;198;199;198;194;202;198;182;191;197;192;179;194;179;181;185]
[22:21:00 GMT+2;60;194;190;186;185;194;182;200;182;170;183;178;190;177;184;184;184;194;189;186;191;200;194;192;190;181;189;185;186;186;192;194;194;202;194;183;192;181;191;194;192;191;184;191;181;192;178;188;190;190;194;183;195;181;196;192;191;183;189;191;185]
[22:22:00 GMT+2;60;189;197;191;182;199;198;191;185;189;192;185;184;178;183;183;186;176;186;181;172;181;189;181;184;195;189;191;189;182;182;189;189;183;181;186;184;183;194;191;184;186;185;197;192;194;192;198;183;194;194;194;187;184;200;192;181;192;191;192;194]
[22:23:00 GMT+2;60;184;191;192;182;194;184;191;177;178;191;178;196;189;197;196;191;189;183;182;191;196;186;189;190;182;184;186;194;181;172;186;186;178;190;191;178;192;182;187;192;189;198;196;199;188;185;192;194;196;190;178;194;195;189;189;191;198;194;189;195]
[22:24:00 GMT+2;60;181;194;194;190;202;194;208;197;182;204;194;209;192;194;194;182;197;186;191;189;205;202;194;200;205;206;196;199;194;198;198;189;178;181;194;184;203;194;176;198;203;194;208;194;189;196;192;198;192;186;194;197;211;198;203;203;212;191;196;196]
[22:25:00 GMT+2;60;189;194;202;194;184;194;192;203;205;203;196;199;202;196;194;182;199;191;201;185;191;196;186;197;191;197;192;186;192;198;192;187;189;189;189;182;192;191;186;181;187;186;182;195;184;170;191;189;184;194;191;199;191;190;191;191;192;194;194;191]
[22:26:00 GMT+2;60;188;189;189;184;194;185;194;189;184;191;197;196;196;192;191;202;198;189;198;186;195;209;189;198;191;184;211;192;192;203;196;189;200;191;206;192;186;199;190;190;194;194;204;194;189;194;181;184;182;196;194;191;194;197;204;201;192;191;209;191]
[22:27:00 GMT+2;60;196;182;192;210;186;468;265;282;265;278;266;267;251;260;265;270;270;258;256;262;256;262;275;260;276;268;270;279;270;267;273;253;251;268;265;270;264;256;247;256;269;265;255;264;262;267;256;258;264;254;265;264;260;242;256;262;264;256;250;251]
[22:28:00 GMT+2;60;249;257;255;260;267;262;268;253;268;259;264;269;270;264;270;273;270;270;270;276;276;265;259;254;270;270;282;253;256;267;270;253;268;266;264;256;273;250;262;267;257;256;250;257;253;267;269;262;262;249;244;264;259;250;252;255;256;260;265;264]
[22:29:00 GMT+2;60;250;257;252;242;247;251;242;256;263;251;256;256;251;257;262;250;240;250;252;253;256;263;264;251;251;250;253;251;247;251;250;255;256;256;264;266;253;251;240;251;253;254;256;252;256;262;259;269;262;247;265;250;259;253;256;260;251;259;264;270]
[22:30:00 GMT+2;60;273;263;263;251;264;256;250;256;253;257;262;260;273;270;259;262;255;251;256;270;270;262;255;264;265;263;264;265;251;267;251;251;247;259;259;247;266;262;267;255;244;256;264;264;269;249;264;263;256;270;256;265;264;250;251;250;257;264;264;264]
[22:31:00 GMT+2;60;256;269;256;256;265;255;262;259;253;243;251;247;253;253;258;253;253;257;251;255;253;259;251;263;252;238;252;251;253;263;250;259;264;265;252;260;254;252;252;259;250;258;256;262;256;247;264;260;262;251;253;252;254;264;246;243;250;238;251;253]
[22:32:00 GMT+2;60;259;259;265;253;265;255;267;247;253;251;262;251;256;251;245;256;256;256;251;264;265;241;254;251;255;250;244;247;251;246;255;247;251;251;246;264;269;251;264;252;265;250;257;256;264;264;264;266;247;265;256;249;267;266;262;265;269;264;263;267]
[22:33:00 GMT+2;60;264;256;259;254;245;251;259;275;253;253;262;260;273;267;253;265;260;253;256;257;264;253;262;246;251;255;255;251;265;255;260;256;269;254;255;263;262;250;262;245;247;246;244;250;247;250;252;255;251;238;259;263;262;251;259;259;265;265;251;256]
[22:34:00 GMT+2;60;259;263;255;250;250;247;252;256;263;250;251;244;241;253;255;256;256;256;244;254;256;256;259;262;245;259;257;255;256;263;249;245;251;252;235;240;247;253;245;247;250;259;253;247;252;255;264;247;258;256;260;264;256;260;264;264;270;260;260;253]
[22:35:00 GMT+2;60;247;256;259;255;256;260;250;245;256;241;250;252;250;255;254;259;245;253;256;251;254;264;251;240;247;246;252;251;255;240;253;247;247;238;251;240;235;239;254;247;255;245;255;251;257;240;245;246;250;250;256;250;254;247;255;251;264;255;244;260]
[22:36:00 GMT+2;60;259;256;253;246;242;255;247;239;245;240;252;259;250;252;255;252;249;266;250;253;256;259;250;255;255;254;250;256;262;256;250;255;256;254;253;254;253;251;256;252;251;258;253;258;246;253;251;253;250;256;251;250;263;247;251;251;264;264;244;253]
[22:37:00 GMT+2;60;257;251;250;256;249;251;247;251;251;255;244;252;253;255;256;247;264;250;250;251;252;256;247;247;251;242;251;250;251;250;255;247;250;250;247;246;254;255;245;246;253;245;251;253;242;251;257;251;254;259;250;255;254;255;255;239;256;253;259;251]
[22:38:00 GMT+2;60;260;251;254;247;264;268;247;266;254;254;244;259;247;251;250;245;245;253;255;259;251;251;262;256;257;251;243;259;259;256;260;266;256;253;262;262;253;256;270;240;255;257;260;253;240;253;253;264;267;246;257;256;253;260;255;251;253;247;256;251]
[22:39:00 GMT+2;60;260;256;264;263;256;256;255;251;255;259;240;250;255;254;256;251;251;250;247;255;265;255;264;264;251;250;257;249;251;242;242;251;251;259;247;253;245;245;251;255;251;245;246;237;250;252;256;243;250;251;251;245;246;252;239;238;234;250;241;250]
[22:40:00 GMT+2;60;251;252;251;253;237;235;240;250;241;238;244;249;232;244;250;264;251;249;245;238;258;257;247;245;244;245;254;251;241;253;250;250;255;264;252;254;255;257;250;253;255;250;245;255;256;256;252;245;247;250;240;238;245;228;251;236;235;238;245;235]
[22:41:00 GMT+2;60;238;247;251;238;251;253;259;259;259;250;240;238;245;241;226;227;246;238;247;247;251;256;252;247;244;245;253;244;247;241;241;249;241;244;256;239;251;254;244;235;242;247;246;247;237;240;236;250;238;240;239;244;250;181;181;192;189;196;191;194]
[22:42:00 GMT+2;60;185;178;188;176;192;181;191;186;178;198;183;195;198;188;185;194;182;194;186;189;182;183;194;186;197;184;195;184;181;186;192;186;184;194;185;196;189;194;191;189;190;183;185;181;182;191;191;181;189;184;194;196;184;194;189;191;181;186;194;194]
[22:43:00 GMT+2;60;185;198;191;188;185;189;192;194;192;206;191;182;195;192;205;188;200;191;194;185;191;191;199;183;194;202;198;189;196;195;190;194;196;196;196;194;191;192;186;197;198;172;192;190;194;192;194;191;195;189;195;191;190;191;184;194;184;204;189;187]
[22:44:00 GMT+2;60;191;185;184;191;198;191;192;184;189;183;186;188;200;182;194;189;182;195;190;197;198;181;194;192;198;191;184;184;191;186;195;194;184;192;195;201;192;183;192;199;197;189;182;179;191;196;203;183;181;184;188;188;189;190;198;192;194;191;196;194]
[22:45:00 GMT+2;60;197;191;192;182;191;186;197;195;182;194;189;195;191;184;196;191;198;188;194;190;188;191;182;195;187;197;191;205;191;186;198;192;184;184;194;194;183;178;189;190;188;181;191;192;184;197;191;194;191;196;188;181;188;205;192;194;178;179;194;187]
[22:46:00 GMT+2;60;179;191;188;184;178;181;194;187;184;183;181;194;184;194;183;192;191;191;189;181;184;182;177;179;179;187;194;186;179;183;186;194;190;177;191;176;189;189;195;191;189;182;192;188;189;179;194;179;178;190;190;187;190;182;192;179;192;191;179;197]
[22:47:00 GMT+2;60;189;181;196;181;192;185;191;190;181;194;184;189;190;181;192;191;189;190;186;189;184;186;194;181;197;190;191;189;192;191;186;200;189;192;189;181;184;184;184;191;178;183;191;181;189;194;191;190;190;190;191;186;181;191;183;190;187;181;186;185]
[22:48:00 GMT+2;60;195;197;190;189;191;186;198;182;189;194;181;190;183;185;184;186;199;192;190;191;191;190;195;192;186;191;181;196;187;181;189;189;184;190;170;187;194;189;181;189;182;179;191;191;190;188;192;194;196;194;181;182;191;185;192;197;192;184;191;188]
[22:49:00 GMT+2;60;181;192;190;184;192;194;194;186;189;178;172;185;187;190;191;185;191;186;190;181;179;203;194;194;196;179;192;194;192;184;186;176;194;189;178;192;182;189;189;186;184;181;185;194;182;189;186;185;189;191;181;191;196;186;190;195;186;179;190;198]
[22:50:01 GMT+2;60;196;185;171;184;184;191;192;194;181;184;194;194;186;182;196;191;190;184;192;186;182;182;190;181;197;181;198;183;190;184;191;171;191;179;197;192;183;185;184;181;186;178;172;188;192;184;189;181;185;183;194;184;185;192;194;181;181;181;194;187]
[22:51:00 GMT+2;60;181;199;184;184;179;184;191;185;179;191;182;192;186;196;189;186;183;188;194;194;187;184;197;199;187;182;190;182;186;185;194;185;185;192;184;195;186;190;188;187;192;186;181;192;191;190;191;191;194;194;179;181;181;192;182;185;191;186;184;190]
[22:52:00 GMT+2;60;198;191;189;189;184;191;186;186;183;186;196;182;177;189;191;191;187;189;182;184;182;194;179;191;184;169;182;181;192;191;178;191;196;194;182;184;182;186;184;196;189;186;194;183;182;182;184;183;191;186;191;188;189;185;183;190;189;197;183;178]
[22:53:00 GMT+2;60;198;196;186;184;185;191;186;178;192;185;191;188;172;179;192;186;186;181;187;189;186;191;179;178;192;182;191;178;192;179;169;189;191;188;194;203;189;184;181;191;184;192;186;194;184;170;191;181;189;186;196;192;177;178;178;186;192;184;175;183]
[22:54:00 GMT+2;60;185;184;186;187;184;195;191;194;178;177;182;190;191;189;194;181;182;182;181;191;183;197;189;178;194;186;185;183;187;172;191;181;191;187;176;185;188;190;184;191;179;171;189;178;186;181;181;190;187;192;191;189;179;184;176;186;184;190;188;190]
[22:55:00 GMT+2;60;188;191;187;177;181;184;191;187;186;181;177;182;178;189;179;194;203;186;179;194;191;183;179;188;191;199;195;190;183;191;178;195;184;183;178;189;181;189;191;189;191;184;189;181;186;184;189;186;191;186;194;191;191;197;195;184;191;181;191;183]
[22:56:00 GMT+2;60;192;186;191;191;186;192;190;188;189;186;172;190;185;191;184;191;192;192;191;185;186;183;191;194;181;177;194;186;192;194;194;182;185;186;186;191;189;176;185;196;192;181;189;189;198;182;178;189;189;184;184;183;183;191;185;186;191;194;194;197]
[22:57:00 GMT+2;60;197;183;192;194;194;191;198;195;192;186;183;179;194;192;192;188;182;235;186;192;189;194;189;186;184;179;184;191;191;195;189;189;186;191;184;191;183;179;187;181;182;189;198;190;196;194;192;191;191;190;192;184;184;182;192;192;194;178;191;182]
[22:58:00 GMT+2;60;186;186;186;185;190;184;181;187;181;191;194;197;794;249;265;253;256;260;256;245;253;262;251;256;264;262;249;253;253;250;247;253;254;242;260;256;256;263;267;264;251;256;245;245;252;264;260;259;266;264;255;251;264;256;265;255;273;265;259;239]
[22:59:00 GMT+2;60;256;256;265;256;265;260;256;253;254;263;256;264;265;270;268;250;251;256;260;264;256;264;253;253;264;254;264;265;276;276;251;255;254;264;265;247;253;253;264;260;250;256;254;257;259;264;267;264;253;259;255;264;259;238;247;250;253;254;264;269]
[23:00:00 GMT+2;60;262;263;263;264;267;242;241;251;260;254;256;266;256;259;262;256;250;262;265;246;253;247;259;258;268;255;251;259;262;253;250;242;245;244;251;260;251;253;250;264;264;276;260;254;251;253;256;259;253;257;251;264;256;251;259;255;267;255;259;259]
[23:01:00 GMT+2;60;251;251;255;263;262;265;264;256;264;259;262;262;256;250;246;253;252;251;254;253;263;256;249;256;244;257;260;250;244;251;258;252;259;255;262;259;267;264;247;247;251;252;264;238;256;244;251;264;267;262;245;256;255;255;256;262;250;253;254;257]
[23:02:01 GMT+2;60;265;264;247;258;259;260;251;247;256;254;246;255;249;250;256;264;264;255;264;251;245;264;259;256;262;260;244;254;250;262;266;255;253;253;265;255;247;253;259;253;256;256;251;255;245;247;245;259;247;250;251;257;262;262;262;253;263;264;250;250]
[23:03:00 GMT+2;60;246;241;249;253;270;252;242;252;245;250;249;267;253;251;256;259;267;240;247;255;255;247;259;253;256;254;251;251;252;256;251;251;262;241;255;239;245;245;240;246;264;262;262;245;247;252;253;259;255;251;252;252;253;252;256;262;258;247;264;242]
[23:04:00 GMT+2;60;241;243;249;238;235;250;256;251;251;254;265;264;245;255;256;246;252;259;251;253;243;241;240;242;250;253;254;254;252;262;256;245;241;255;252;245;244;252;252;250;255;249;254;247;251;260;264;262;251;254;258;250;258;264;256;262;251;241;259;246]
[23:05:00 GMT+2;60;245;250;239;251;252;249;226;244;238;252;237;250;253;253;247;240;247;254;257;259;245;264;253;256;256;256;255;251;247;250;240;240;244;236;226;245;244;245;251;241;245;241;237;236;240;249;247;247;253;242;255;250;256;247;246;265;246;256;251;246]
[23:06:00 GMT+2;60;247;250;246;262;250;242;250;237;247;247;236;247;257;251;256;240;245;247;235;238;251;251;238;244;244;251;251;253;234;241;242;241;246;251;240;246;240;250;244;241;255;240;246;257;242;251;252;247;253;251;242;255;256;241;247;247;251;259;246;247]
[23:07:00 GMT+2;60;251;245;240;240;256;249;250;247;236;247;239;246;251;238;227;226;245;245;240;251;254;246;242;241;238;243;226;244;247;225;247;247;253;234;238;256;239;235;240;246;249;256;246;242;255;247;255;241;242;254;253;249;250;241;242;254;234;244;236;251]
[23:08:00 GMT+2;60;245;246;245;251;254;252;245;253;251;255;252;238;253;244;251;250;255;242;239;260;253;251;256;244;253;249;246;240;246;240;254;242;246;252;247;259;253;244;242;245;251;249;251;256;242;250;246;244;246;251;250;255;239;240;250;244;249;251;238;236]
[23:09:01 GMT+2;60;249;252;247;237;254;251;227;240;237;251;236;238;250;253;226;244;249;226;241;240;239;245;242;225;238;240;238;251;251;234;238;249;249;240;239;246;247;245;239;227;240;236;236;236;237;247;245;234;239;237;245;238;247;251;251;251;255;238;238;247]
[23:10:00 GMT+2;60;241;235;235;232;241;249;237;249;250;251;238;250;247;259;238;240;240;245;244;251;242;246;238;242;246;255;259;242;244;238;251;251;245;251;243;254;252;259;245;253;251;252;245;245;240;240;249;241;232;245;249;252;252;254;232;250;242;255;254;255]
[23:11:00 GMT+2;60;238;237;239;244;246;238;249;240;242;251;249;238;238;240;256;250;238;242;252;251;256;237;255;246;255;242;239;237;235;250;235;245;251;257;250;262;236;245;249;243;234;240;240;244;247;254;251;249;235;238;240;239;237;249;235;235;235;238;242;223]
[23:12:00 GMT+2;60;238;237;225;238;244;235;251;241;238;239;246;237;238;250;236;226;240;237;240;242;251;240;245;238;250;239;234;245;237;251;244;239;252;225;232;189;190;190;191;181;176;190;176;172;178;181;176;178;181;183;191;184;178;181;181;181;186;184;178;181]
[23:13:00 GMT+2;60;178;176;179;181;172;186;181;181;181;178;186;176;181;185;170;172;184;178;194;184;178;188;177;194;191;170;184;178;191;191;183;176;187;189;192;191;189;183;172;184;183;192;196;194;190;176;191;191;189;181;190;186;191;184;194;178;176;184;170;196]
[23:14:00 GMT+2;60;182;184;183;171;184;186;184;181;183;191;181;184;186;191;184;178;182;179;181;175;184;170;189;189;170;178;169;177;185;178;192;185;187;186;184;182;186;181;185;178;185;186;169;178;181;185;178;194;189;181;188;188;186;178;179;182;181;184;170;184]
[23:15:00 GMT+2;60;181;186;179;191;186;169;183;177;189;170;178;178;184;179;175;184;181;188;179;170;183;181;191;182;177;184;186;186;190;189;185;181;171;190;183;186;185;176;181;178;188;182;181;190;191;184;188;181;185;177;190;189;178;169;176;179;187;179;176;184]
[23:16:00 GMT+2;60;194;181;184;178;191;191;169;183;190;184;181;176;189;188;189;184;176;191;200;186;174;179;172;179;179;186;178;182;172;176;182;184;186;194;186;181;191;181;185;191;181;181;189;178;179;177;191;177;172;178;178;185;192;200;178;190;182;183;185;179]
[23:17:00 GMT+2;60;191;182;178;194;189;169;189;187;203;183;183;181;191;182;191;182;181;186;187;186;182;182;183;191;190;189;182;178;172;189;184;182;177;181;178;192;184;178;177;182;191;194;181;176;192;181;181;186;184;184;169;179;177;189;185;181;189;187;183;187]
[23:18:00 GMT+2;60;183;191;185;189;189;184;176;190;181;181;182;189;189;186;177;186;191;181;177;186;181;191;185;176;186;183;186;183;190;179;186;191;191;184;179;182;169;179;182;171;182;182;187;177;188;169;172;186;181;191;186;181;177;186;183;176;176;179;184;178]
[23:19:00 GMT+2;60;182;179;181;190;182;177;169;185;181;178;179;167;178;170;182;181;169;184;170;186;179;169;183;183;169;188;181;172;186;178;169;185;182;184;186;169;185;181;172;171;170;171;186;181;171;182;182;183;185;194;181;181;192;187;192;186;181;181;184;168]
[23:20:00 GMT+2;60;170;190;182;169;184;181;184;182;170;179;170;187;178;188;184;192;178;196;181;183;194;185;181;184;178;191;178;169;184;170;181;181;181;185;178;172;183;191;184;186;169;184;181;183;179;186;169;186;178;169;181;178;189;179;172;186;176;184;170;189]
[23:21:00 GMT+2;60;179;181;194;182;172;181;179;184;182;172;181;182;184;172;169;179;167;178;184;169;181;184;179;170;185;172;171;176;172;186;177;169;190;178;191;185;182;170;186;182;171;183;178;181;181;169;186;181;169;175;167;189;176;185;172;176;176;182;181;186]
[23:22:00 GMT+2;60;178;189;178;178;172;169;183;178;189;179;183;182;183;177;191;178;172;181;176;178;182;176;176;183;179;178;182;179;179;178;183;184;179;176;182;176;181;198;189;191;184;179;182;184;185;177;176;183;178;184;190;171;182;171;185;185;189;172;171;181]
[23:23:00 GMT+2;60;191;169;186;189;178;184;181;182;170;186;183;175;191;178;189;188;184;170;182;185;176;176;172;186;171;191;181;182;169;178;182;181;172;181;178;177;190;182;169;183;181;164;181;170;179;170;189;181;178;178;184;169;182;176;167;182;177;178;171;169]
[23:24:00 GMT+2;60;181;172;177;172;176;169;181;181;172;181;178;178;176;172;184;181;172;184;176;172;176;169;170;182;182;178;172;182;182;170;188;182;171;184;169;181;178;179;169;179;178;176;172;181;184;170;167;176;122;122;122;110;127;122;124;122;122;124;122;113]
[23:25:00 GMT+2;60;122;120;129;131;122;122;122;124;132;135;121;126;128;136;131;122;124;122;137;126;122;122;124;132;129;133;122;127;129;134;124;129;120;122;124;122;127;122;121;124;124;122;133;122;126;136;124;124;126;124;136;123;134;127;120;131;122;129;127;133]
[23:26:00 GMT+2;60;132;129;120;122;122;127;120;129;123;134;127;124;122;127;126;135;127;127;120;129;136;127;116;129;127;134;129;148;131;135;121;127;127;121;128;124;134;124;135;129;126;131;130;129;131;122;136;126;122;129;124;124;129;128;122;134;122;132;122;124]
[23:27:00 GMT+2;60;131;130;128;137;128;122;123;129;129;120;132;127;131;113;134;129;129;129;124;121;122;126;123;129;126;122;122;124;132;128;127;126;122;122;134;127;131;126;121;122;124;143;134;126;137;132;136;129;123;136;122;136;126;127;127;129;136;122;129;123]
[23:28:00 GMT+2;60;122;132;121;126;126;126;124;135;127;132;127;135;134;122;122;141;129;137;122;122;127;127;137;128;131;127;122;133;124;129;133;129;124;126;131;128;134;129;136;126;122;132;123;131;134;127;135;124;124;132;122;477;201;202;199;203;181;188;192;194]
[23:29:00 GMT+2;60;199;196;204;197;192;194;194;182;191;191;199;192;190;206;198;206;198;196;197;194;204;194;206;212;194;194;194;194;206;206;200;198;187;204;198;206;189;203;196;208;194;198;209;197;203;196;204;194;196;202;206;200;206;191;188;198;196;210;206;198]
[23:30:00 GMT+2;60;206;188;198;200;212;198;198;199;202;199;209;202;191;198;202;204;196;199;191;189;191;191;210;195;194;192;186;194;192;205;181;194;192;197;194;204;197;191;194;183;187;192;194;196;194;200;194;196;196;205;196;194;192;198;196;192;212;200;191;208]
[23:31:00 GMT+2;60;192;181;198;191;198;185;185;198;198;206;205;208;200;202;198;186;200;192;197;191;201;191;204;206;202;197;184;191;194;200;197;198;186;195;194;196;206;201;202;191;189;196;190;203;197;209;196;191;195;191;190;189;199;191;194;189;205;194;194;196]
[23:32:00 GMT+2;60;194;203;198;200;189;183;194;200;186;202;196;186;196;199;200;196;205;191;189;196;191;205;205;197;199;196;196;206;192;186;192;196;196;194;194;198;194;198;210;192;194;196;194;206;191;181;204;194;203;194;209;199;197;202;194;194;188;197;192;197]
[23:33:00 GMT+2;60;201;197;202;205;208;194;206;195;185;195;194;205;198;196;204;195;198;203;200;205;199;191;198;191;206;206;192;205;200;191;200;194;199;206;206;192;203;197;191;194;196;200;206;205;199;206;196;195;189;186;191;204;194;183;191;198;200;191;194;206]
[23:34:00 GMT+2;60;205;189;202;190;195;192;206;194;182;195;192;185;194;194;192;194;206;194;198;191;192;184;181;197;203;189;185;189;203;203;191;194;203;205;185;203;189;198;199;197;204;203;203;208;195;176;192;191;186;192;186;198;192;192;200;205;194;203;195;206]
[23:35:00 GMT+2;60;209;196;196;194;197;181;191;182;181;192;189;206;196;206;191;194;198;210;194;194;198;191;201;191;199;194;189;191;190;190;186;198;191;191;185;191;187;186;198;191;182;192;188;195;197;204;194;198;202;198;191;191;194;198;192;192;194;198;188;184]
[23:36:00 GMT+2;60;196;176;188;194;191;194;189;186;182;192;191;196;185;188;201;185;182;195;191;196;190;195;203;194;194;191;191;197;194;192;196;182;192;184;176;181;189;192;200;190;181;189;192;194;185;178;191;189;198;189;184;198;195;191;186;182;198;192;194;194]
[23:37:00 GMT+2;60;191;196;192;205;197;186;194;191;184;192;188;194;186;189;184;189;186;191;191;182;191;186;194;189;178;184;181;194;192;194;182;191;178;184;191;181;189;189;196;190;182;183;185;198;195;184;178;194;183;188;184;196;190;179;191;186;196;189;202;191]
[23:38:00 GMT+2;60;192;187;194;190;196;196;202;190;189;194;191;183;191;185;194;192;189;184;192;189;188;192;189;186;189;189;186;191;181;183;177;189;183;181;179;183;178;185;184;175;185;184;187;186;196;183;181;187;181;191;194;190;189;184;182;185;177;191;191;178]
[23:39:00 GMT+2;60;194;194;194;198;188;186;194;191;185;184;189;182;190;186;178;186;190;189;179;192;181;178;185;186;189;181;178;170;184;179;184;183;186;181;176;184;190;185;181;171;186;178;181;196;184;172;186;176;194;192;170;185;176;183;183;182;182;178;181;177]
[23:40:00 GMT+2;60;195;192;184;203;183;183;194;189;194;189;182;185;186;185;200;190;182;186;184;188;176;187;192;189;191;186;196;183;184;176;195;191;181;178;187;191;188;186;172;188;186;192;191;177;187;181;190;191;181;194;191;184;189;182;191;185;176;191;182;186]
[23:41:00 GMT+2;60;183;183;182;176;184;187;189;189;190;195;204;191;188;179;189;184;197;189;192;196;176;194;189;181;178;182;172;184;172;181;183;172;170;181;170;181;184;183;178;181;192;185;184;191;184;182;192;191;192;191;189;190;196;197;191;184;196;185;191;182]
[23:42:00 GMT+2;60;190;188;178;178;181;179;188;182;191;181;190;190;189;172;184;191;189;181;186;190;189;192;200;192;188;191;181;177;192;197;194;197;191;190;195;194;186;181;187;186;190;189;190;189;189;182;185;184;176;190;181;179;181;172;186;181;184;187;186;192]
[23:43:00 GMT+2;60;202;198;182;190;192;206;192;198;181;192;194;189;200;124;131;124;122;134;122;122;122;129;122;134;122;154;128;129;134;126;128;136;129;130;127;131;124;124;132;129;134;127;131;127;126;130;123;134;122;132;131;136;122;136;123;134;127;127;129;129]
[23:44:00 GMT+2;60;129;128;132;137;133;134;127;124;137;126;137;134;136;122;132;137;122;133;137;129;128;130;127;140;133;124;124;124;124;122;124;122;140;129;114;122;136;131;127;127;127;133;126;127;122;122;126;132;127;122;124;129;128;126;129;128;123;140;122;136]
[23:45:00 GMT+2;60;127;124;134;136;128;129;132;129;135;132;133;132;121;132;128;134;127;136;128;127;128;126;123;134;127;124;133;133;134;129;115;124;132;130;129;140;128;133;122;132;136;136;124;135;126;136;126;131;124;124;136;128;132;129;135;127;133;129;129;132]
[23:46:00 GMT+2;60;138;132;124;129;122;136;133;122;135;132;140;126;126;123;136;122;129;124;136;131;122;127;122;132;124;123;126;122;132;134;134;122;122;133;122;131;124;132;127;130;132;126;133;128;126;120;122;124;123;129;128;124;124;134;122;122;132;122;124;127]
[23:47:00 GMT+2;60;127;122;122;127;124;134;127;123;134;122;127;126;129;126;122;129;129;124;122;133;133;128;122;124;127;136;122;129;131;135;128;122;130;122;136;133;142;132;134;120;136;128;140;131;127;136;124;135;124;129;129;127;133;128;134;135;132;124;137;131]
[23:48:00 GMT+2;60;135;133;140;132;123;136;129;136;122;129;141;134;124;133;129;140;128;124;135;129;137;132;126;127;124;132;127;128;129;137;122;129;133;124;132;122;132;130;132;126;127;876;208;200;200;202;191;192;191;184;192;189;201;189;194;190;181;188;192;189]
[23:49:00 GMT+2;60;184;199;196;186;187;196;184;196;189;185;197;195;182;191;184;194;191;197;189;184;184;191;182;192;184;182;183;191;190;184;179;190;186;184;190;186;178;194;182;177;188;183;191;185;172;188;181;191;181;191;184;171;188;190;181;191;186;190;194;191]
[23:50:00 GMT+2;60;190;169;189;178;185;177;191;186;182;179;191;197;172;191;177;170;184;179;183;176;190;182;179;190;179;189;189;186;176;186;181;184;191;189;184;172;188;181;178;172;170;181;182;178;182;179;191;191;181;184;182;194;184;178;181;186;185;170;176;181]
[23:51:00 GMT+2;60;182;191;181;178;177;176;181;184;182;188;178;186;177;191;177;179;182;181;172;184;178;190;188;178;184;181;187;181;170;186;169;184;187;188;177;183;176;189;183;176;188;176;186;181;171;189;176;191;183;190;178;182;179;191;183;181;179;182;179;176]
[23:52:00 GMT+2;60;184;172;190;181;187;182;183;183;169;179;170;191;178;181;179;181;192;182;170;184;190;181;183;177;189;181;191;181;181;186;181;172;191;178;194;178;192;182;178;182;192;184;194;181;182;184;178;182;181;191;179;176;186;189;170;179;176;170;184;177]
[23:53:00 GMT+2;60;169;181;191;186;172;184;188;190;184;176;184;171;176;194;181;178;184;177;170;184;184;190;178;171;169;169;184;172;172;182;176;181;190;176;189;183;178;181;182;181;189;169;184;184;189;172;181;183;168;182;177;189;181;191;177;169;182;181;178;186]
[23:54:00 GMT+2;60;189;170;181;178;172;182;181;172;167;179;171;186;172;172;170;183;189;191;172;186;188;178;183;184;192;179;185;186;178;182;179;171;181;181;189;188;189;182;171;181;185;186;186;182;185;171;182;190;191;186;184;194;170;189;179;190;191;182;191;187]
[23:55:00 GMT+2;60;179;190;179;169;185;172;187;186;188;182;179;170;184;181;182;184;183;181;178;189;182;170;171;181;182;169;181;182;177;179;172;185;179;189;176;189;182;178;183;182;189;191;190;186;172;181;187;178;191;182;170;183;181;184;191;181;181;184;189;179]
[23:56:00 GMT+2;60;181;182;182;184;191;181;181;182;172;189;189;191;184;181;185;181;188;190;184;178;189;181;183;176;185;188;189;181;182;184;188;177;185;181;181;184;187;189;170;179;181;184;182;194;184;178;185;176;191;181;182;186;184;189;172;177;186;191;181;191]
[23:57:00 GMT+2;60;182;186;181;184;181;179;184;183;194;170;188;182;192;194;181;176;182;191;194;192;182;192;182;181;184;189;184;191;189;181;185;182;190;182;194;181;182;191;191;192;185;191;183;176;184;184;191;184;186;186;181;184;184;181;181;189;188;182;187;194]
[23:58:00 GMT+2;60;182;194;185;191;186;178;181;177;191;191;186;191;184;182;184;189;182;187;182;184;178;183;186;181;189;186;189;184;182;182;185;189;192;182;194;184;184;183;178;182;184;191;181;185;178;177;185;184;189;184;172;189;172;191;184;191;185;177;183;177]
[23:59:00 GMT+2;60;192;196;184;181;181;196;184;196;188;185;191;183;199;194;192;194;187;186;191;189;182;191;186;183;183;191;192;178;189;181;174;178;734;245;247;251;255;254;252;245;260;245;262;255;262;262;252;251;246;254;258;262;251;253;257;264;256;262;264;256]
#End Recording
