#File [EPower-20251232-0000-GMT+1.txt]
#Start Recording
[00:00:00 GMT+1;60;1764;1756;1779;1819;1746;1787;1816;1847;1744;1793;1792;1771;1808;1714;1740;1744;1795;1828;1744;954;991;955;960;960;925;956;960;942;953;944;948;1792;1851;1773;1813;1849;1771;1786;1737;1795;1819;1744;1779;1810;1737;1748;1824;1738;1772;1823;1740;1779;1845;1804;1775;1804;1850;1806;1793;1726]
[00:01:00 GMT+1;60;1166;941;966;926;949;966;925;939;939;960;925;948;1819;1854;1766;1757;1761;1737;1760;1808;1838;1758;1768;1773;1753;1791;1721;1748;1719;1747;1761;1748;1790;1719;1757;1797;1717;1753;1803;1802;1733;946;953;930;937;939;935;965;937;954;963;927;1833;1806;1735;1766;1799;1761;1802;1844]
[00:02:00 GMT+1;60;1719;1758;1842;1857;1784;1814;1849;1758;1758;1760;1799;1746;1766;1772;1823;1828;1841;1758;1804;1737;1770;974;936;949;950;960;990;953;975;975;962;952;1748;1760;1803;1744;1733;1823;1735;1732;1777;1763;1726;1770;1806;1726;1726;1803;1719;1752;1810;1726;1823;1700;1738;1758;1773;1746;1792;1718]
[00:03:00 GMT+1;60;1758;952;930;953;917;942;937;965;921;953;962;913;1773;1798;1733;1770;1752;1752;1792;1717;1766;1761;1753;1802;1813;1744;1786;1795;1738;1766;1806;1786;1777;1752;1783;1823;1744;1777;1790;1787;1719;937;954;949;927;940;954;969;935;939;957;967;1735;1748;1752;1798;1799;1747;1771;1824]
[00:04:01 GMT+1;60;1738;1779;1784;1717;1726;1784;1691;1684;1695;1695;1733;1787;1744;1798;1721;1753;1752;1748;1799;1707;1717;937;962;1007;912;939;966;923;927;911;939;936;1756;1787;1717;1746;1748;1795;1802;1803;1723;1774;1714;1760;1798;1800;1803;1813;1733;1766;1798;1741;1737;1711;1752;1765;1695;1779;1707;1745]
[00:05:00 GMT+1;60;1779;912;914;939;952;921;939;952;966;953;936;939;1804;1718;1748;1763;1726;1804;1748;1779;1714;1719;1753;1753;1770;1787;1718;1773;1707;1746;1750;1823;1761;1841;1844;1752;1787;1828;1838;1844;1761;972;1054;1014;1030;999;1000;1006;1028;1043;1011;1033;1909;1910;1915;1838;1892;1907;1930;1857]
[00:06:00 GMT+1;60;1856;1904;1841;1863;1789;1800;1897;1810;1813;1813;1845;1853;1786;1821;1858;1786;1798;1831;1882;1806;1838;1576;1003;1014;1030;990;1006;1043;991;1019;1032;1029;1885;1797;1847;1885;1816;1825;1880;1885;1911;1819;1854;1787;1790;1827;1841;1832;1804;1849;1882;1819;1857;1787;1819;1860;1787;1816;1841;1775]
[00:07:01 GMT+1;60;1806;988;981;975;990;1014;975;975;1008;975;981;963;1804;1844;1885;1803;1842;1860;1853;1777;1819;1867;1779;1793;1867;1837;1830;1770;1806;1795;1824;1849;1771;1779;1912;1854;1760;1800;1858;1774;1140;1002;969;991;1008;966;990;1007;1018;978;991;1018;1880;1810;1828;1854;1845;1857;1786;1817]
[00:08:00 GMT+1;60;1879;1837;1845;1849;1789;1804;2828;2818;2672;2744;2681;2824;2809;2715;2789;2799;2714;2789;2794;2659;2675;2748;2610;2679;2754;2627;2779;2735;2600;2670;2746;2784;2694;2767;2784;2800;2660;2734;2810;2818;2675;2751;2828;2778;2818;2710;2830;2825;2698;2775;2789;2804;2662;2734;2813;2667;2740;2816;2829;2759]
[00:09:00 GMT+1;60;2614;2648;2717;2580;2672;2751;2631;2789;2644;2720;2621;2628;2766;2825;2694;2766;2701;2775;2825;2701;2775;2822;2814;2784;2721;2794;2694;2703;2775;2787;2798;2825;2676;2749;2825;2674;2748;2757;2766;2733;2601;2667;2574;2579;2649;2662;2662;2599;2614;2680;2740;2628;2781;2717;2786;2814;2792;2807;2710;2782]
[00:10:00 GMT+1;60;2824;2703;2712;2782;2818;2703;2770;2825;2816;2795;2656;2807;2818;2669;2739;2810;2804;2545;2555;2699;2700;2570;2635;2713;2665;2679;2547;2612;2678;2545;2698;2714;2698;2705;2719;2793;2794;2717;2794;2795;2717;2793;2802;2657;2725;2665;2670;2742;2751;2762;2775;2824;2703;2815;2784;2719;2730;2613;2631;2704]
[00:11:00 GMT+1;60;2522;2682;2576;2605;2665;2498;2589;2562;2665;2676;2518;2616;2818;2829;2688;2761;2699;2712;2789;2806;2800;2717;2795;2756;2724;2804;2659;2670;2682;2756;2829;2815;2794;2769;2721;2735;2746;2703;2567;2621;2567;2585;2653;2665;2603;2672;2535;2604;2676;2545;2610;2625;2688;2756;2829;2724;2795;2654;2721;2799]
[00:12:00 GMT+1;60;2806;2723;2802;2696;2767;2818;2699;2714;2723;2804;2662;2778;2793;2652;2724;2759;2810;2670;2435;2494;2448;2466;2471;2485;2494;2396;2448;2508;2424;2443;2460;2430;2802;2661;2782;2798;2656;2727;2825;2775;2778;2708;2822;2689;2762;2781;2660;2672;2748;2829;2723;2802;2659;2781;2794;2653;2723;2804;2807;2439]
[00:13:00 GMT+1;60;2495;2473;2555;2417;2564;2411;2479;2364;2430;2424;2430;2499;2756;2825;2691;2766;2825;2806;2652;2721;2666;2669;2745;2825;2777;2725;2741;2819;2754;2766;2799;2650;2761;2710;2788;2794;2735;2749;2825;2388;2447;2496;2394;2443;2518;2394;2460;2513;2399;2487;2378;2380;2742;2818;2672;2746;2825;2678;2755;2826]
[00:14:00 GMT+1;60;2819;2761;2825;2818;2829;2824;2653;2665;2738;2815;2746;2759;2700;2712;2782;2794;2773;2714;2653;2656;2120;2125;2193;2226;2140;2182;2507;2387;2415;2426;2491;2409;2789;2806;2662;2677;2769;2786;2773;2719;2795;2656;2727;2744;2822;2698;2768;2816;2704;2650;2723;2738;2824;2810;2704;2784;2789;2713;2789;2802]
[00:15:00 GMT+1;60;2499;2413;2471;2366;2417;2476;2368;2438;2444;2233;2236;2147;2756;2816;2669;2679;2694;2769;2816;2698;2775;2808;2703;2712;2807;2822;2824;2675;2749;2826;2679;2704;2778;2804;2708;2782;2794;2710;2787;2759;2415;2420;2482;2377;2420;2482;2368;2378;2396;2349;2409;2417;2783;2639;2708;2759;2708;2781;2634;2818]
[00:16:00 GMT+1;60;2807;2751;2762;2704;2714;2789;2646;2725;2799;2653;2723;2735;2745;2822;2670;2744;2810;2665;2733;2806;2818;2399;2459;2515;2400;2444;2420;2426;2399;2460;2530;2555;2698;2819;2825;2822;2696;2807;2765;2714;2717;2824;2810;2777;2712;2787;2794;2650;2720;2816;2778;2789;2648;2717;2793;2644;2715;2807;2795;2807]
[00:17:00 GMT+1;60;2658;2403;2417;2371;2364;2409;2417;2308;2358;2403;2358;2420;2802;2816;2828;2719;2723;2725;2800;2653;2723;2735;2745;2820;2827;2681;2755;2689;2699;2708;2719;2789;2799;2654;2720;2794;2806;2815;2665;2766;2775;2179;2107;2145;2157;2196;2088;2644;2708;2568;2386;2387;2744;2676;2671;2738;2808;2659;2723;2732]
[00:18:00 GMT+1;60;2735;2781;2710;2783;2804;2700;2767;2818;2810;2793;2714;2709;2781;2727;2736;2744;2746;2676;2688;2757;2825;2784;2400;2311;2319;2377;2431;2322;2419;2343;2345;2487;2794;2649;2717;2793;2648;2720;2794;2806;2816;2667;2736;2808;2819;2667;2736;2782;2727;2795;2650;2802;2810;2662;2670;2714;2723;2796;2649;2802]
[00:19:00 GMT+1;60;2807;2825;2495;2371;2437;2472;2323;2368;2364;2431;2440;2456;2656;2765;2775;2815;2692;2667;2676;2749;2825;2713;2723;2796;2654;2782;2727;2806;2659;2768;2778;2799;2692;2783;2727;2801;2681;2762;2775;2824;2698;2692;2487;2366;2431;2433;2485;2370;2420;2346;2348;2370;2744;2818;2669;2738;2809;2819;2829;2717]
[00:20:00 GMT+1;60;2721;2679;2749;2679;2689;2696;2701;2819;2709;2784;2804;2784;2725;2734;2806;2656;2715;2794;2795;2712;2719;2724;2614;2723;2733;2588;2639;2705;2717;2530;2591;2631;2807;2818;2667;2736;2826;2769;2819;2693;2810;2818;2669;2738;2825;2822;2688;2756;2827;2679;2748;2824;2825;2678;2748;2649;2657;2725;2804;2804]
[00:21:00 GMT+1;60;2653;2698;2396;2465;2343;2397;2456;2341;2698;2545;2606;2676;2689;2698;2766;2778;2795;2653;2724;2798;2694;2703;2779;2784;2655;2723;2799;2650;2766;2775;2784;2741;2676;2683;2755;2829;2653;2660;2670;2676;2828;2825;2351;2399;2460;2346;2370;2417;2463;2323;2366;2435;2795;2708;2715;2725;2802;2653;2730;2806]
[00:22:00 GMT+1;60;2656;2794;2804;2816;2666;2739;2816;2666;2738;2816;2725;2824;2672;2675;2751;2768;2825;2688;2746;2698;2778;2634;2329;2289;2409;2300;2437;2387;2295;2341;2400;2418;2667;2744;2660;2825;2683;2757;2657;2724;2806;2659;2794;2742;2829;2671;2782;2795;2751;2721;2786;2733;2806;2658;2775;2780;2819;2704;2829;2784]
[00:23:00 GMT+1;60;2775;2674;2672;2591;2667;2745;2656;2370;2446;2509;2382;2443;2814;2746;2698;2709;2782;2736;2816;2669;2744;2678;2694;2767;2818;2703;2778;2783;2794;2795;2810;2777;2814;2749;2717;2796;2653;2727;2746;2762;2825;2748;2639;2720;2588;2655;2609;2610;2688;2780;2622;2701;2818;2704;2717;2727;2806;2659;2730;2807]
[00:24:00 GMT+1;60;2655;2789;2660;2667;2670;2745;2824;2824;2683;2756;2782;2808;2665;2736;2816;2666;2735;2810;2825;2825;2312;2378;2443;2359;2430;2390;2386;2459;2587;2654;2720;2545;2721;2735;2746;2825;2676;2751;2829;2681;2756;2761;2775;2816;2708;2786;2807;2714;2794;2767;2721;2796;2656;2725;2804;2659;2733;2746;2761;2824]
[00:25:00 GMT+1;60;2335;2431;2322;2364;2430;2449;2335;2403;2424;2295;2360;2415;2727;2657;2745;2824;2667;2738;2742;2825;2676;2748;2759;2827;2684;2759;2829;2822;2698;2708;2806;2765;2825;2694;2814;2829;2679;2684;2783;2409;2304;2397;2473;2366;2424;2415;2479;2346;2368;2430;2310;2372;2789;2806;2672;2824;2689;2765;2700;2714]
[00:26:00 GMT+1;60;2787;2751;2765;2778;2807;2705;2759;2653;2725;2745;2825;2829;2689;2761;2825;2693;2698;2710;2789;2531;2593;2671;2530;2597;2561;2567;2644;2721;2400;2468;2351;2370;2734;2749;2766;2824;2694;2766;2703;2717;2727;2742;2698;2708;2784;2787;2789;2800;2816;2665;2738;2751;2827;2678;2825;2784;2795;2652;2720;2714]
[00:27:00 GMT+1;60;2576;2698;2568;2574;2736;2592;2658;2739;2597;2588;2644;2639;2671;2745;2822;2671;2738;2816;2665;2675;2688;2759;2828;2679;2755;2825;2684;2698;2708;2789;2646;2670;2746;2682;2698;2708;2788;2689;2765;2437;2334;2396;2377;2345;2295;2347;2396;2450;2295;2605;2667;2694;2816;2669;2744;2819;2670;2744;2822;2829]
[00:28:00 GMT+1;60;2826;2669;2742;2818;2767;2781;2815;2782;2659;2733;2807;2660;2725;2740;2818;2828;2676;2751;2825;2341;2417;2348;2351;2314;2437;2447;2347;2394;2456;2347;2394;2382;2715;2793;2761;2714;2787;2789;2708;2723;2735;2807;2660;2727;2804;2816;2662;2670;2762;2775;2824;2698;2822;2829;2825;2818;2704;2780;2818;2717]
[00:29:00 GMT+1;60;2656;2543;2319;2336;2386;2460;2378;2446;2449;2341;2399;2460;2684;2756;2694;2766;2825;2818;2786;2708;2784;2793;2708;2784;2794;2692;2705;2782;2795;2712;2789;2818;2670;2683;2694;2769;2822;2712;2793;2782;2601;2660;2614;2694;2563;2628;2574;2585;2653;2682;2679;2563;2656;2733;2807;2744;2694;2708;2784;2739]
[00:30:00 GMT+1;60;2703;2818;2696;2773;2816;2789;2649;2719;2795;2649;2721;2799;2655;2666;2678;2754;2825;2676;2751;2735;2603;2614;2625;2698;2609;2624;2690;2563;2631;2745;2714;2738;2688;2807;2708;2786;2794;2710;2665;2741;2794;2761;2778;2808;2704;2719;2730;2809;2667;2744;2825;2677;2694;2825;2814;2703;2784;2775;2715;2442]
[00:31:00 GMT+1;60;2460;2333;2403;2341;2345;2370;2424;2437;2447;2357;2649;2559;2659;2734;2738;2751;2826;2814;2712;2793;2788;2720;2799;2674;2822;2704;2784;2684;2761;2825;2807;2828;2681;2754;2825;2804;2709;2789;2810;2440;2326;2359;2437;2326;2387;2366;2460;2348;2361;2437;2322;2345;2742;2825;2781;2735;2818;2672;2825;2810]
[00:32:00 GMT+1;60;2708;2794;2690;2799;2720;2804;2742;2825;2681;2700;2719;2804;2665;2744;2829;2689;2762;2784;2802;2662;2631;2708;2585;2400;2471;2323;2326;2386;2409;2466;2426;2443;2466;2816;2694;2723;2818;2725;2723;2810;2671;2751;2825;2700;2804;2792;2742;2829;2784;2802;2794;2748;2833;2694;2777;2827;2816;2672;2804;2825]
[00:33:00 GMT+1;60;2670;2795;2736;2756;2778;2724;2822;2778;2736;2825;2679;2765;2795;2810;2671;2754;2835;2692;2773;2829;2815;2719;2739;2825;2683;2829;2819;2748;2689;2775;2794;2829;2688;2768;2828;2816;2674;2756;2833;2698;2773;2824;2804;2662;2744;2829;2679;2761;2828;2704;2788;2806;2793;2822;2679;2761;2833;2705;2793;2810]
[00:34:00 GMT+1;60;2827;2723;2807;2744;2761;2833;2704;2717;2739;2825;2680;2765;2784;2822;2724;2746;2757;2829;2704;2704;2723;2808;2670;2775;2724;2815;2672;2816;2828;2696;2784;2705;2665;2754;2833;2692;2775;2827;2719;2741;2760;2833;2704;2789;2820;2733;2816;2767;2789;2822;2733;2816;2676;2756;2833;2827;2790;2653;2734;2818]
[00:35:00 GMT+1;60;2390;2498;2396;2396;2506;2411;2431;2485;2394;2462;2521;2349;2388;2775;2721;2807;2665;2746;2829;2815;2649;2735;2819;2679;2762;2824;2788;2667;2684;2672;2693;2724;2809;2825;2680;2701;2721;2708;2725;2816;2672;2736;2679;2699;2490;2409;2467;2396;2409;2487;2517;2520;2417;2798;2665;2744;2827;2807;2653;2735]
[00:36:00 GMT+1;60;2820;2719;2799;2665;2746;2768;2793;2656;2735;2825;2825;2698;2782;2799;2662;2682;2759;2825;2789;2724;2816;2653;2609;2698;2780;2724;2745;2612;2689;2751;2766;2597;2676;2816;2676;2755;2825;2794;2662;2745;2828;2775;2795;2659;2740;2824;2794;2806;2667;2827;2807;2713;2796;2818;2825;2694;2777;2762;2720;2806]
[00:37:00 GMT+1;60;2761;2655;2678;2543;2618;2564;2580;2660;2735;2543;2593;2610;2733;2672;2756;2825;2698;2714;2734;2822;2679;2761;2822;2705;2653;2733;2755;2784;2659;2738;2827;2681;2761;2784;2804;2665;2748;2657;2739;2828;2683;2364;2368;2424;2319;2388;2332;2411;2420;2426;2444;2600;2672;2732;2751;2827;2818;2694;2777;2810]
[00:38:01 GMT+1;60;2712;2824;2796;2720;2804;2794;2662;2740;2825;2679;2759;2825;2703;2720;2736;2824;2672;2755;2822;2700;2784;2420;2426;2332;2390;2449;2352;2407;2394;2435;2285;2439;2334;2767;2806;2709;2653;2827;2778;2783;2749;2775;2814;2715;2799;2818;2829;2690;2766;2822;2708;2786;2788;2662;2676;2756;2827;2694;2775;2818]
[00:39:00 GMT+1;60;2804;2656;2725;2588;2415;2442;2326;2382;2400;2428;2326;2370;2437;2700;2783;2793;2806;2827;2822;2698;2779;2674;2694;2777;2794;2714;2799;2656;2734;2816;2669;2802;2656;2751;2762;2825;2698;2775;2793;2806;2822;2517;2588;2661;2519;2588;2494;2649;2670;2533;2610;2515;2520;2756;2826;2816;2762;2714;2795;2652]
[00:40:00 GMT+1;60;2723;2646;2718;2734;2825;2814;2701;2779;2679;2693;2766;2784;2660;2733;2810;2665;2781;2794;2649;2662;2825;2693;2545;2622;2684;2634;2659;2671;2694;2689;2556;2580;2639;2754;2723;2736;2749;2829;2679;2755;2828;2683;2756;2769;2784;2814;2786;2799;2646;2715;2806;2749;2827;2676;2748;2829;2676;2749;2762;2775]
[00:41:00 GMT+1;60;2814;2350;2295;2281;2338;2387;2300;2439;2326;2384;2286;2326;2654;2657;2712;2665;2735;2816;2667;2744;2824;2676;2690;2703;2777;2816;2704;2780;2815;2704;2828;2818;2700;2777;2710;2717;2795;2809;2825;2676;2755;2394;2345;2262;2382;2262;2394;2360;2389;2322;2371;2269;2322;2794;2786;2649;2719;2825;2810;2700]
[00:42:00 GMT+1;60;2777;2689;2767;2720;2798;2653;2665;2740;2819;2689;2700;2775;2818;2751;2829;2678;2744;2756;2769;2819;2684;2545;2609;2665;2540;2298;2312;2388;2319;2382;2384;2390;2295;2710;2720;2795;2653;2719;2798;2652;2723;2735;2748;2827;2676;2749;2825;2714;2669;2681;2755;2735;2755;2828;2690;2807;2759;2703;2784;2757]
[00:43:00 GMT+1;60;2768;2540;2610;2676;2556;2513;2567;2634;2507;2617;2693;2552;2563;2727;2665;2733;2806;2659;2733;2810;2825;2824;2767;2783;2784;2710;2667;2675;2690;2764;2700;2665;2736;2818;2825;2825;2807;2644;2715;2798;2274;2326;2631;2509;2559;2562;2630;2514;2575;2661;2530;2610;2616;2818;2704;2784;2802;2714;2827;2818]
[00:44:00 GMT+1;60;2793;2756;2698;2710;2789;2735;2760;2709;2724;2806;2662;2827;2682;2760;2665;2679;2689;2766;2708;2723;2388;2289;2345;2360;2373;2298;2431;2319;2334;2384;2414;2384;2435;2700;2778;2814;2710;2786;2804;2754;2827;2689;2814;2829;2684;2766;2681;2698;2799;2717;2799;2818;2670;2749;2727;2745;2820;2672;2794;2386]
[00:45:00 GMT+1;60;2283;2346;2377;2394;2283;2330;2380;2304;2361;2248;2378;2319;2378;2681;2756;2822;2721;2802;2818;2670;2746;2827;2676;2756;2827;2775;2788;2800;2653;2724;2800;2826;2676;2749;2764;2777;2787;2794;2714;2603;2612;2628;2388;2274;2326;2377;2322;2364;2258;2390;2341;2423;2311;2759;2822;2736;2748;2757;2777;2713]
[00:46:00 GMT+1;60;2721;2644;2649;2721;2679;2804;2646;2718;2659;2672;2749;2825;2786;2806;2825;2676;2751;2825;2689;2766;2684;2507;2520;2581;2653;2528;2610;2682;2543;2567;2609;2591;2394;2677;2756;2822;2787;2653;2670;2677;2756;2822;2696;2777;2788;2653;2665;2744;2684;2766;2807;2705;2789;2806;2829;2682;2762;2818;2701;2781]
[00:47:00 GMT+1;60;2382;2293;2264;2577;2658;2540;2599;2679;2694;2508;2593;2649;2540;2754;2827;2693;2694;2712;2733;2815;2667;2749;2828;2681;2698;2714;2798;2656;2733;2816;2669;2698;2708;2727;2807;2667;2745;2826;2678;2364;2378;2377;2349;2300;2349;2394;2396;2418;2401;2308;2364;2433;2334;2703;2796;2822;2829;2692;2775;2818]
[00:48:00 GMT+1;60;2704;2822;2704;2720;2738;2818;2829;2689;2766;2667;2825;2808;2705;2787;2646;2719;2795;2692;2708;2319;2390;2273;2329;2388;2361;2414;2274;2396;2298;2349;2348;2384;2282;2717;2732;2789;2806;2660;2738;2715;2795;2653;2667;2793;2694;2769;2824;2829;2680;2698;2712;2789;2806;2662;2739;2719;2799;2816;2829;2689]
[00:49:00 GMT+1;60;2631;2530;2335;2407;2335;2332;2300;2430;2259;2323;2390;2273;2345;2754;2769;2730;2740;2825;2678;2822;2796;2653;2665;2810;2644;2720;2804;2741;2827;2680;2759;2795;2653;2739;2825;2678;2759;2778;2806;2656;2587;2662;2539;2658;2556;2514;2518;2601;2683;2591;2601;2682;2396;2701;2784;2802;2661;2739;2680;2756]
[00:50:00 GMT+1;60;2775;2825;2734;2749;2827;2683;2818;2777;2654;2670;2794;2808;2665;2742;2679;2694;2708;2788;2689;2708;2364;2377;2273;2332;2592;2682;2568;2634;2507;2573;2644;2544;2507;2514;2746;2829;2689;2767;2819;2708;2725;2745;2829;2679;2759;2822;2694;2709;2789;2650;2724;2807;2708;2789;2649;2667;2764;2778;2789;2650]
[00:51:00 GMT+1;60;2371;2390;2283;2309;2300;2377;2424;2313;2378;2269;2332;2345;2345;2295;2818;2824;2699;2778;2736;2690;2704;2784;2721;2800;2659;2735;2818;2807;2824;2678;2756;2786;2793;2715;2733;2822;2799;2712;2656;2670;2360;2403;2313;2324;2361;2286;2394;2294;2319;2384;2384;2388;2286;2338;2819;2824;2694;2773;2822;2693]
[00:52:00 GMT+1;60;2767;2807;2744;2827;2683;2761;2778;2795;2653;2725;2809;2665;2671;2751;2818;2759;2825;2696;2804;2656;2570;2635;2495;2273;2293;2358;2435;2309;2366;2371;2388;2407;2310;2277;2715;2795;2654;2662;2676;2655;2669;2744;2825;2714;2725;2806;2816;2666;2742;2746;2828;2717;2798;2807;2829;2824;2698;2777;2665;2679]
[00:53:00 GMT+1;60;2755;2637;2530;2559;2603;2656;2541;2612;2564;2509;2523;2597;2653;2332;2765;2782;2789;2807;2662;2740;2822;2672;2799;2649;2661;2675;2681;2759;2822;2692;2768;2798;2815;2825;2765;2782;2749;2713;2794;2654;2274;2274;2338;2397;2533;2601;2567;2631;2487;2556;2633;2506;2589;2653;2679;2694;2708;2784;2802;2715]
[00:54:00 GMT+1;60;2789;2708;2784;2784;2672;2814;2700;2778;2714;2794;2649;2661;2710;2723;2802;2657;2815;2826;2679;2694;2746;2341;2400;2288;2339;2386;2312;2361;2267;2309;2394;2328;2388;2387;2829;2819;2700;2659;2671;2748;2756;2825;2788;2806;2660;2825;2810;2705;2787;2723;2734;2749;2825;2683;2759;2816;2694;2773;2787;2646]
[00:55:00 GMT+1;60;2717;2298;2195;2236;2293;2145;2160;2209;2262;2147;2209;2250;2160;2162;2751;2744;2819;2826;2678;2749;2822;2800;2723;2736;2816;2675;2799;2815;2666;2678;2824;2806;2659;2734;2802;2649;2660;2671;2825;2818;2699;2471;2561;2443;2166;2170;2221;2276;2170;2217;2277;2286;2283;2209;2710;2766;2806;2748;2824;2807]
[00:56:00 GMT+1;60;2732;2778;2674;2755;2822;2690;2669;2816;2756;2710;2824;2806;2701;2782;2759;2784;2794;2654;2724;2807;2665;2499;2568;2585;2533;2430;2496;2575;2444;2575;2580;2495;2513;2579;2679;2755;2825;2689;2775;2778;2793;2649;2723;2804;2818;2672;2745;2665;2822;2694;2775;2670;2688;2764;2781;2698;2710;2792;2649;2762]
[00:57:00 GMT+1;60;2778;2285;2282;2277;2335;2471;2532;2609;2612;2479;2495;2479;2541;2470;2696;2775;2818;2781;2661;2739;2824;2675;2751;2827;2692;2708;2807;2827;2679;2756;2827;2759;2713;2744;2759;2833;2694;2767;2829;2704;2782;2751;2825;2676;2754;2807;2818;2667;2749;2819;2800;2656;2733;2808;2717;2806;2804;2672;2690;2767]
[00:58:00 GMT+1;60;2829;2724;2804;2660;2738;2754;2768;2818;2829;2819;2700;2782;2825;2810;2708;2789;2795;2715;2798;2692;2775;2497;2264;2307;2371;2266;2324;2396;2262;2271;2326;2308;2334;2388;2675;2692;2705;2826;2819;2698;2777;2780;2708;2725;2744;2827;2683;2761;2822;2795;2715;2734;2694;2708;2787;2751;2807;2826;2825;2788]
[00:59:00 GMT+1;60;2794;2765;2625;2700;2644;2719;2736;2755;2576;2592;2665;2528;2601;2554;2667;2683;2759;2825;2698;2780;2800;2718;2738;2756;2825;2692;2710;2793;2653;2751;2708;2739;2824;2714;2796;2657;2669;2762;2723;2807;2666;2757;2777;2635;2714;2733;2746;2800;2684;2767;2628;2705;2789;2806;2784;2800;2715;2828;2816;2704]
#End Recording
